,mag,place,time,updated,tz,url,detail,felt,cdi,mmi,alert,status,tsunami,sig,net,code,ids,sources,types,nst,dmin,rms,gap,magType,type,title,index,type,coordinates,index
0,2.2,"29km SSW of Tecopa, CA",644193249920,1454630474700,,https://earthquake.usgs.gov/earthquakes/eventpage/ci680610,https://earthquake.usgs.gov/fdsnws/event/1/query?eventid=ci680610&format=geojson,,,,,reviewed,0,74,ci,680610,",ci680610,",",ci,",",origin,phase-data,",0,,0.283,249.3,mc,earthquake,"M 2.2 - 29km SSW of Tecopa, CA",0,Point,"[-116.325, 35.598, 5.268]",0
0,2.7,"7 km W of Cobb, California",644185848210,1481967128440,,https://earthquake.usgs.gov/earthquakes/eventpage/nc158646,https://earthquake.usgs.gov/fdsnws/event/1/query?eventid=nc158646&format=geojson,,,,,reviewed,0,112,nc,158646,",nc158646,",",nc,",",focal-mechanism,nearby-cities,origin,phase-data,",39,0.02342,0.05,33,md,earthquake,"M 2.7 - 7 km W of Cobb, California",1,Point,"[-122.811, 38.8275, 1.933]",1
0,3.57,"2km S of Lucerne Valley, CA",644175559700,1454629084560,,https://earthquake.usgs.gov/earthquakes/eventpage/ci1059340,https://earthquake.usgs.gov/fdsnws/event/1/query?eventid=ci1059340&format=geojson,,,,,reviewed,0,196,ci,1059340,",usp00049zz,ci1059340,",",us,ci,",",origin,phase-data,",0,,0.097,53.9,ml,earthquake,"M 3.6 - 2km S of Lucerne Valley, CA",2,Point,"[-116.966, 34.43, 2.15]",2
0,2.12,"15 km NNE of Coalinga, California",644174332450,1481967114697,,https://earthquake.usgs.gov/earthquakes/eventpage/nc1177199,https://earthquake.usgs.gov/fdsnws/event/1/query?eventid=nc1177199&format=geojson,,,,,reviewed,0,69,nc,1177199,",nc1177199,",",nc,",",nearby-cities,origin,phase-data,",5,0.03423,0.03,113,md,earthquake,"M 2.1 - 15 km NNE of Coalinga, California",3,Point,"[-120.3115, 36.2716667, 5.007]",3
0,2.45,"3 km NNW of Diablo, California",644172391120,1481967097231,,https://earthquake.usgs.gov/earthquakes/eventpage/nc158635,https://earthquake.usgs.gov/fdsnws/event/1/query?eventid=nc158635&format=geojson,,,,,reviewed,0,92,nc,158635,",nc158635,",",nc,",",nearby-cities,origin,phase-data,",11,0.02973,0.08,77,md,earthquake,"M 2.5 - 3 km NNW of Diablo, California",4,Point,"[-121.9696667, 37.8691667, -0.376]",4
0,2.19,"12 km W of Cobb, California",644165943670,1481967073880,,https://earthquake.usgs.gov/earthquakes/eventpage/nc158599,https://earthquake.usgs.gov/fdsnws/event/1/query?eventid=nc158599&format=geojson,,,,,reviewed,0,74,nc,158599,",nc158599,",",nc,",",focal-mechanism,nearby-cities,origin,phase-data,",25,0.06036,0.06,35,md,earthquake,"M 2.2 - 12 km W of Cobb, California",5,Point,"[-122.871, 38.8363333, 1.195]",5
0,2.66,"5 km S of Mesa, California",644144650150,1481966984730,,https://earthquake.usgs.gov/earthquakes/eventpage/nc158589,https://earthquake.usgs.gov/fdsnws/event/1/query?eventid=nc158589&format=geojson,,,,,reviewed,0,109,nc,158589,",nc158589,ci1059329,",",nc,ci,",",focal-mechanism,nearby-cities,origin,phase-data,",37,0.03063,0.06,75,md,earthquake,"M 2.7 - 5 km S of Mesa, California",6,Point,"[-118.5356667, 37.374, 7.203]",6
0,2.52,"26 km WSW of Mendota, California",644140580340,1481966966560,,https://earthquake.usgs.gov/earthquakes/eventpage/nc158587,https://earthquake.usgs.gov/fdsnws/event/1/query?eventid=nc158587&format=geojson,,,,,reviewed,0,98,nc,158587,",nc158587,ci1059326,",",nc,ci,",",focal-mechanism,nearby-cities,origin,phase-data,",77,0.1126,0.22,99,md,earthquake,"M 2.5 - 26 km WSW of Mendota, California",7,Point,"[-120.6531667, 36.664, -0.673]",7
0,2.28,"10 km E of Blackhawk, California",644111501830,1481966927030,,https://earthquake.usgs.gov/earthquakes/eventpage/nc158579,https://earthquake.usgs.gov/fdsnws/event/1/query?eventid=nc158579&format=geojson,,,,,reviewed,0,80,nc,158579,",nc158579,",",nc,",",focal-mechanism,nearby-cities,origin,phase-data,",42,0.02703,0.08,99,md,earthquake,"M 2.3 - 10 km E of Blackhawk, California",8,Point,"[-121.7951667, 37.837, 13.948]",8
0,2.05,"8km ESE of Coto De Caza, CA",644111036690,1454629084130,,https://earthquake.usgs.gov/earthquakes/eventpage/ci1059317,https://earthquake.usgs.gov/fdsnws/event/1/query?eventid=ci1059317&format=geojson,,,,,reviewed,0,65,ci,1059317,",ci1059317,",",ci,",",origin,phase-data,",0,,0.11,217.6,mc,quarry blast,"M 2.1 Quarry Blast - 8km ESE of Coto De Caza, CA",9,Point,"[-117.5, 33.58, -0.575]",9
0,2.41,"15 km ENE of Hidden Valley Lake, California",644094814020,1481966884354,,https://earthquake.usgs.gov/earthquakes/eventpage/nc1177182,https://earthquake.usgs.gov/fdsnws/event/1/query?eventid=nc1177182&format=geojson,,,,,reviewed,0,89,nc,1177182,",nc1177182,",",nc,",",nearby-cities,origin,phase-data,",11,0.06396,0.46,97,md,quarry blast,"M 2.4 Quarry Blast - 15 km ENE of Hidden Valley Lake, California",10,Point,"[-122.3865, 38.8476667, -0.5]",10
0,2.39,"4 km NNW of Diablo, California",644092630190,1481966879330,,https://earthquake.usgs.gov/earthquakes/eventpage/nc158601,https://earthquake.usgs.gov/fdsnws/event/1/query?eventid=nc158601&format=geojson,,,,,reviewed,0,88,nc,158601,",nc158601,",",nc,",",focal-mechanism,nearby-cities,origin,phase-data,",34,0.01802,0.21,57,md,earthquake,"M 2.4 - 4 km NNW of Diablo, California",11,Point,"[-121.9831667, 37.8658333, 2.686]",11
0,2.44,"19km N of Mojave, CA",644087328140,1454632516740,,https://earthquake.usgs.gov/earthquakes/eventpage/ci1059296,https://earthquake.usgs.gov/fdsnws/event/1/query?eventid=ci1059296&format=geojson,,,,,reviewed,0,92,ci,1059296,",ci1059296,",",ci,",",origin,phase-data,",0,,0.122,36.4,mc,earthquake,"M 2.4 - 19km N of Mojave, CA",12,Point,"[-118.215, 35.221, 3.981]",12
0,2.77,"9 km ESE of Livermore, California",644039797030,1481966775570,,https://earthquake.usgs.gov/earthquakes/eventpage/nc158600,https://earthquake.usgs.gov/fdsnws/event/1/query?eventid=nc158600&format=geojson,,,,,reviewed,0,118,nc,158600,",nc158600,usp00049y2,",",nc,us,",",focal-mechanism,nearby-cities,origin,phase-data,",66,0.04324,0.07,79,md,earthquake,"M 2.8 - 9 km ESE of Livermore, California",13,Point,"[-121.6748333, 37.6358333, 8.619]",13
0,2.69,"6 km W of Cobb, California",644033073270,1481966755540,,https://earthquake.usgs.gov/earthquakes/eventpage/nc158546,https://earthquake.usgs.gov/fdsnws/event/1/query?eventid=nc158546&format=geojson,,,,,reviewed,0,111,nc,158546,",nc158546,",",nc,",",focal-mechanism,nearby-cities,origin,phase-data,",25,0.01532,0.05,37,md,earthquake,"M 2.7 - 6 km W of Cobb, California",14,Point,"[-122.7946667, 38.8231667, 0.203]",14
0,2.31,"13km SW of Mojave, CA",644025062640,1454630473840,,https://earthquake.usgs.gov/earthquakes/eventpage/ci1059267,https://earthquake.usgs.gov/fdsnws/event/1/query?eventid=ci1059267&format=geojson,,,,,reviewed,0,82,ci,1059267,",ci1059267,",",ci,",",origin,phase-data,",0,,0.103,104.4,mc,quarry blast,"M 2.3 Quarry Blast - 13km SW of Mojave, CA",15,Point,"[-118.28, 34.97, -1.023]",15
0,2.21,"14km WSW of Lake Hughes, CA",644016645790,1454623653500,,https://earthquake.usgs.gov/earthquakes/eventpage/ci1059262,https://earthquake.usgs.gov/fdsnws/event/1/query?eventid=ci1059262&format=geojson,,,,,reviewed,0,75,ci,1059262,",ci1059262,",",ci,",",origin,phase-data,",0,,0.104,100.1,mc,earthquake,"M 2.2 - 14km WSW of Lake Hughes, CA",16,Point,"[-118.584, 34.63, 8.353]",16
0,2.17,"2 km NNW of Seacliff, California",643988631570,1481966698510,,https://earthquake.usgs.gov/earthquakes/eventpage/nc158536,https://earthquake.usgs.gov/fdsnws/event/1/query?eventid=nc158536&format=geojson,,,,,reviewed,0,72,nc,158536,",nc158536,",",nc,",",focal-mechanism,nearby-cities,origin,phase-data,",61,0.04595,0.09,92,md,earthquake,"M 2.2 - 2 km NNW of Seacliff, California",17,Point,"[-121.9236667, 37.0003333, 4.862]",17
0,2.5,"11km ENE of Indio, CA",643984739340,1454631165400,,https://earthquake.usgs.gov/earthquakes/eventpage/ci1059230,https://earthquake.usgs.gov/fdsnws/event/1/query?eventid=ci1059230&format=geojson,,,,,reviewed,0,96,ci,1059230,",ci1059230,",",ci,",",origin,phase-data,",0,,0.068,74,mc,earthquake,"M 2.5 - 11km ENE of Indio, CA",18,Point,"[-116.112, 33.77, 3.632]",18
0,2.61,Central California,643979930990,1481966669890,,https://earthquake.usgs.gov/earthquakes/eventpage/nc158510,https://earthquake.usgs.gov/fdsnws/event/1/query?eventid=nc158510&format=geojson,,,,,reviewed,0,105,nc,158510,",nc158510,",",nc,",",focal-mechanism,nearby-cities,origin,phase-data,",71,0.01802,0.09,33,md,earthquake,M 2.6 - Central California,19,Point,"[-121.5708333, 36.8411667, 5.621]",19
0,2.05,"5km NE of Claremont, CA",643970330050,1454633880960,,https://earthquake.usgs.gov/earthquakes/eventpage/ci1059227,https://earthquake.usgs.gov/fdsnws/event/1/query?eventid=ci1059227&format=geojson,,,,,reviewed,0,65,ci,1059227,",ci1059227,",",ci,",",origin,phase-data,",0,,0.085,56.8,mc,earthquake,"M 2.1 - 5km NE of Claremont, CA",20,Point,"[-117.691, 34.13, 3.642]",20
0,2.21,"7km SSW of Malibu, CA",643961897740,1454633187980,,https://earthquake.usgs.gov/earthquakes/eventpage/ci1059226,https://earthquake.usgs.gov/fdsnws/event/1/query?eventid=ci1059226&format=geojson,,,,,reviewed,0,75,ci,1059226,",ci1059226,",",ci,",",origin,phase-data,",0,,0.326,158.4,mc,earthquake,"M 2.2 - 7km SSW of Malibu, CA",21,Point,"[-118.851, 33.954, 5.758]",21
0,2.35,Central California,643956844330,1481966597060,,https://earthquake.usgs.gov/earthquakes/eventpage/nc158614,https://earthquake.usgs.gov/fdsnws/event/1/query?eventid=nc158614&format=geojson,,,,,reviewed,0,85,nc,158614,",nc158614,",",nc,",",focal-mechanism,nearby-cities,origin,phase-data,",71,0.03153,0.08,33,md,earthquake,M 2.4 - Central California,22,Point,"[-121.4096667, 36.825, 6.988]",22
0,2.04,"7 km S of San Simeon, California",643954663950,1481966587684,,https://earthquake.usgs.gov/earthquakes/eventpage/nc158501,https://earthquake.usgs.gov/fdsnws/event/1/query?eventid=nc158501&format=geojson,,,,,reviewed,0,64,nc,158501,",nc158501,ci1059224,",",nc,ci,",",nearby-cities,origin,phase-data,",29,0.09189,0.06,208,md,earthquake,"M 2.0 - 7 km S of San Simeon, California",23,Point,"[-121.2018333, 35.5748333, 3.686]",23
0,2.35,"4 km S of Lexington Hills, California",643949000360,1481966566530,,https://earthquake.usgs.gov/earthquakes/eventpage/nc158437,https://earthquake.usgs.gov/fdsnws/event/1/query?eventid=nc158437&format=geojson,,,,,reviewed,0,85,nc,158437,",nc158437,usp00049wt,",",nc,us,",",focal-mechanism,nearby-cities,origin,phase-data,",75,0.05045,0.08,63,md,earthquake,"M 2.4 - 4 km S of Lexington Hills, California",24,Point,"[-121.9685, 37.128, 13.573]",24
0,2.48,"15km S of San Pedro, CA",643948134780,1454628421770,,https://earthquake.usgs.gov/earthquakes/eventpage/ci1059217,https://earthquake.usgs.gov/fdsnws/event/1/query?eventid=ci1059217&format=geojson,,,,,reviewed,0,95,ci,1059217,",ci1059217,",",ci,",",origin,phase-data,",0,,0.153,115.4,mc,earthquake,"M 2.5 - 15km S of San Pedro, CA",25,Point,"[-118.262, 33.6, 5.619]",25
0,2.26,"4km W of Pomona, CA",643927571220,1454629782900,,https://earthquake.usgs.gov/earthquakes/eventpage/ci1059214,https://earthquake.usgs.gov/fdsnws/event/1/query?eventid=ci1059214&format=geojson,,,,,reviewed,0,79,ci,1059214,",ci1059214,",",ci,",",origin,phase-data,",0,,0.068,53.6,ml,earthquake,"M 2.3 - 4km W of Pomona, CA",26,Point,"[-117.797, 34.061, 4.372]",26
0,2.07,"4 km WNW of Lexington Hills, California",643919964140,1481966498240,,https://earthquake.usgs.gov/earthquakes/eventpage/nc158489,https://earthquake.usgs.gov/fdsnws/event/1/query?eventid=nc158489&format=geojson,,,,,reviewed,0,66,nc,158489,",nc158489,",",nc,",",focal-mechanism,nearby-cities,origin,phase-data,",46,0.01261,0.07,36,md,earthquake,"M 2.1 - 4 km WNW of Lexington Hills, California",27,Point,"[-122.0218333, 37.1753333, 10.991]",27
0,2.73,"18km SW of Thousand Oaks, CA",643910249320,1454630472340,,https://earthquake.usgs.gov/earthquakes/eventpage/ci1059212,https://earthquake.usgs.gov/fdsnws/event/1/query?eventid=ci1059212&format=geojson,,,,,reviewed,0,115,ci,1059212,",ci1059212,",",ci,",",origin,phase-data,",0,,0.134,157.5,mc,earthquake,"M 2.7 - 18km SW of Thousand Oaks, CA",28,Point,"[-118.989, 34.063, 11.754]",28
0,2.27,"28 km WSW of Mendota, California",643898784510,1481966461930,,https://earthquake.usgs.gov/earthquakes/eventpage/nc158485,https://earthquake.usgs.gov/fdsnws/event/1/query?eventid=nc158485&format=geojson,,,,,reviewed,0,79,nc,158485,",nc158485,ci1059208,",",nc,ci,",",focal-mechanism,nearby-cities,origin,phase-data,",37,0.0973,0.18,118,md,earthquake,"M 2.3 - 28 km WSW of Mendota, California",29,Point,"[-120.6726667, 36.6513333, -0.663]",29
0,2.03,"10 km W of Aspen Springs, California",643892152920,1481966439220,,https://earthquake.usgs.gov/earthquakes/eventpage/nc158480,https://earthquake.usgs.gov/fdsnws/event/1/query?eventid=nc158480&format=geojson,,,,,reviewed,0,63,nc,158480,",nc158480,ci1059206,",",nc,ci,",",focal-mechanism,nearby-cities,origin,phase-data,",35,0.04054,0.03,85,md,earthquake,"M 2.0 - 10 km W of Aspen Springs, California",30,Point,"[-118.8281667, 37.5498333, 5.14]",30
0,2.29,"23 km NW of Parkfield, California",643886535110,1481966406310,,https://earthquake.usgs.gov/earthquakes/eventpage/nc158476,https://earthquake.usgs.gov/fdsnws/event/1/query?eventid=nc158476&format=geojson,,,,,reviewed,0,81,nc,158476,",nc158476,ci1059201,",",nc,ci,",",focal-mechanism,nearby-cities,origin,phase-data,",40,0.02072,0.08,44,md,earthquake,"M 2.3 - 23 km NW of Parkfield, California",31,Point,"[-120.6136667, 36.0541667, 4.611]",31
0,2.2,"13 km WNW of Davenport, California",643873977450,1481966370050,,https://earthquake.usgs.gov/earthquakes/eventpage/nc158472,https://earthquake.usgs.gov/fdsnws/event/1/query?eventid=nc158472&format=geojson,,,,,reviewed,0,74,nc,158472,",nc158472,",",nc,",",nearby-cities,origin,phase-data,",25,0.1297,0.16,206,md,earthquake,"M 2.2 - 13 km WNW of Davenport, California",32,Point,"[-122.3211667, 37.07, 2.573]",32
0,2.68,"0 km W of Diablo, California",643866688270,1481966354100,,https://earthquake.usgs.gov/earthquakes/eventpage/nc158435,https://earthquake.usgs.gov/fdsnws/event/1/query?eventid=nc158435&format=geojson,,,,,reviewed,0,110,nc,158435,",nc158435,",",nc,",",focal-mechanism,nearby-cities,origin,phase-data,",55,0.04234,0.08,61,md,earthquake,"M 2.7 - 0 km W of Diablo, California",33,Point,"[-121.968, 37.8355, 15.447]",33
0,2.75,"5 km WSW of Cobb, California",643866564110,1481966344010,,https://earthquake.usgs.gov/earthquakes/eventpage/nc158469,https://earthquake.usgs.gov/fdsnws/event/1/query?eventid=nc158469&format=geojson,,,,,reviewed,0,116,nc,158469,",nc158469,",",nc,",",focal-mechanism,nearby-cities,origin,phase-data,",30,0.009009,0.11,41,md,earthquake,"M 2.8 - 5 km WSW of Cobb, California",34,Point,"[-122.7835, 38.8083333, 0.263]",34
0,2.1,"7 km WSW of Cobb, California",643844339030,1481966307030,,https://earthquake.usgs.gov/earthquakes/eventpage/nc158462,https://earthquake.usgs.gov/fdsnws/event/1/query?eventid=nc158462&format=geojson,,,,,reviewed,0,68,nc,158462,",nc158462,",",nc,",",focal-mechanism,nearby-cities,origin,phase-data,",28,0.00991,0.08,39,md,earthquake,"M 2.1 - 7 km WSW of Cobb, California",35,Point,"[-122.8038333, 38.8008333, 3.261]",35
0,2.48,"39km E of Big Pine, CA",643832472480,1454627720320,,https://earthquake.usgs.gov/earthquakes/eventpage/ci1059181,https://earthquake.usgs.gov/fdsnws/event/1/query?eventid=ci1059181&format=geojson,,,,,reviewed,0,95,ci,1059181,",ci1059181,",",ci,",",origin,phase-data,",0,,0.266,195.6,mc,earthquake,"M 2.5 - 39km E of Big Pine, CA",36,Point,"[-117.847, 37.156, 4.208]",36
0,2.7,"3 km W of San Juan Bautista, California",643829496400,1481966259210,,https://earthquake.usgs.gov/earthquakes/eventpage/nc158341,https://earthquake.usgs.gov/fdsnws/event/1/query?eventid=nc158341&format=geojson,,,,,reviewed,0,112,nc,158341,",nc158341,",",nc,",",focal-mechanism,nearby-cities,origin,phase-data,",71,0.01892,0.1,32,md,earthquake,"M 2.7 - 3 km W of San Juan Bautista, California",37,Point,"[-121.5738333, 36.8433333, 5.574]",37
0,2.22,"1 km SSE of Danville, California",643807047460,1481966225890,,https://earthquake.usgs.gov/earthquakes/eventpage/nc158452,https://earthquake.usgs.gov/fdsnws/event/1/query?eventid=nc158452&format=geojson,,,,,reviewed,0,76,nc,158452,",nc158452,",",nc,",",focal-mechanism,nearby-cities,origin,phase-data,",44,0.05225,0.06,55,md,earthquake,"M 2.2 - 1 km SSE of Danville, California",38,Point,"[-121.9935, 37.8138333, 8.776]",38
0,2.64,"11 km W of Aspen Springs, California",643760995030,1481966126860,,https://earthquake.usgs.gov/earthquakes/eventpage/nc158416,https://earthquake.usgs.gov/fdsnws/event/1/query?eventid=nc158416&format=geojson,,,,,reviewed,0,107,nc,158416,",nc158416,ci1059162,",",nc,ci,",",focal-mechanism,nearby-cities,origin,phase-data,",38,0.02072,0.03,80,md,earthquake,"M 2.6 - 11 km W of Aspen Springs, California",39,Point,"[-118.838, 37.5721667, 4.595]",39
0,2.06,"23km SSW of Pine Mountain Club, CA",643751607130,1454628418490,,https://earthquake.usgs.gov/earthquakes/eventpage/ci1059159,https://earthquake.usgs.gov/fdsnws/event/1/query?eventid=ci1059159&format=geojson,,,,,reviewed,0,65,ci,1059159,",ci1059159,",",ci,",",origin,phase-data,",0,,0.122,74.3,mc,earthquake,"M 2.1 - 23km SSW of Pine Mountain Club, CA",40,Point,"[-119.276, 34.668, 8.008]",40
0,2.01,"4 km NW of Bucks Lake, California",643721917220,1481966004792,,https://earthquake.usgs.gov/earthquakes/eventpage/nc158368,https://earthquake.usgs.gov/fdsnws/event/1/query?eventid=nc158368&format=geojson,,,,,reviewed,0,62,nc,158368,",nc158368,",",nc,",",nearby-cities,origin,phase-data,",10,0.2793,0.04,277,md,earthquake,"M 2.0 - 4 km NW of Bucks Lake, California",41,Point,"[-121.2138333, 39.9018333, 4.625]",41
0,3.3,"26km S of Lompoc, CA",643706891500,1454623652210,,https://earthquake.usgs.gov/earthquakes/eventpage/ci1059151,https://earthquake.usgs.gov/fdsnws/event/1/query?eventid=ci1059151&format=geojson,,,,,reviewed,0,168,ci,1059151,",usp00049su,ci1059151,",",us,ci,",",origin,phase-data,",0,,0.174,176.6,ml,earthquake,"M 3.3 - 26km S of Lompoc, CA",42,Point,"[-120.413, 34.406, 0.216]",42
0,2.01,"1km E of Monterey Park, CA",643703865040,1454624341740,,https://earthquake.usgs.gov/earthquakes/eventpage/ci1059149,https://earthquake.usgs.gov/fdsnws/event/1/query?eventid=ci1059149&format=geojson,,,,,reviewed,0,62,ci,1059149,",ci1059149,",",ci,",",origin,phase-data,",0,,0.04,133.6,mc,earthquake,"M 2.0 - 1km E of Monterey Park, CA",43,Point,"[-118.112, 34.063, 13.181]",43
0,2.78,"1 km E of Leeds, Utah",643681627250,1535429243340,,https://earthquake.usgs.gov/earthquakes/eventpage/uu50050290,https://earthquake.usgs.gov/fdsnws/event/1/query?eventid=uu50050290&format=geojson,,,,,reviewed,0,119,uu,50050290,",usp00049sd,uu50050290,",",us,uu,",",impact-text,origin,phase-data,",10,0.5518,0.36,231,md,earthquake,"M 2.8 - 1 km E of Leeds, Utah",44,Point,"[-113.343, 37.2406667, 0.69]",44
0,2.65,"10 km SW of Ridgemark, California",643679238680,1481965923670,,https://earthquake.usgs.gov/earthquakes/eventpage/nc158321,https://earthquake.usgs.gov/fdsnws/event/1/query?eventid=nc158321&format=geojson,,,,,reviewed,0,108,nc,158321,",nc158321,",",nc,",",focal-mechanism,nearby-cities,origin,phase-data,",71,0.02432,0.11,31,md,earthquake,"M 2.7 - 10 km SW of Ridgemark, California",45,Point,"[-121.4623333, 36.7598333, 7.554]",45
0,2.37,"16km NNE of Apple Valley, CA",643668591780,1454628417620,,https://earthquake.usgs.gov/earthquakes/eventpage/ci1059136,https://earthquake.usgs.gov/fdsnws/event/1/query?eventid=ci1059136&format=geojson,,,,,reviewed,0,86,ci,1059136,",ci1059136,",",ci,",",origin,phase-data,",0,,0.14,109.1,mc,quarry blast,"M 2.4 Quarry Blast - 16km NNE of Apple Valley, CA",46,Point,"[-117.12, 34.63, -0.809]",46
0,2.08,"10km SW of Salton City, CA",643663859710,1454629780200,,https://earthquake.usgs.gov/earthquakes/eventpage/ci1059134,https://earthquake.usgs.gov/fdsnws/event/1/query?eventid=ci1059134&format=geojson,,,,,reviewed,0,67,ci,1059134,",ci1059134,",",ci,",",origin,phase-data,",0,,0.125,84.1,mc,earthquake,"M 2.1 - 10km SW of Salton City, CA",47,Point,"[-116.035, 33.233, 5.765]",47
0,2.35,"13 km N of Coalinga, California",643647427470,1481965828110,,https://earthquake.usgs.gov/earthquakes/eventpage/nc158431,https://earthquake.usgs.gov/fdsnws/event/1/query?eventid=nc158431&format=geojson,,,,,reviewed,0,85,nc,158431,",nc158431,ci1059114,",",nc,ci,",",focal-mechanism,nearby-cities,origin,phase-data,",35,0.01171,0.09,107,md,earthquake,"M 2.4 - 13 km N of Coalinga, California",48,Point,"[-120.3465, 36.2608333, 8.821]",48
0,2.52,"18 km N of Coalinga, California",643646680380,1481965806800,,https://earthquake.usgs.gov/earthquakes/eventpage/nc158329,https://earthquake.usgs.gov/fdsnws/event/1/query?eventid=nc158329&format=geojson,,,,,reviewed,0,98,nc,158329,",nc158329,ci1059113,",",nc,ci,",",focal-mechanism,nearby-cities,origin,phase-data,",48,0.03153,0.09,59,md,earthquake,"M 2.5 - 18 km N of Coalinga, California",49,Point,"[-120.3701667, 36.305, 10.908]",49
0,2.31,"31 km ENE of Soledad, California",643644462870,1481965794640,,https://earthquake.usgs.gov/earthquakes/eventpage/nc158300,https://earthquake.usgs.gov/fdsnws/event/1/query?eventid=nc158300&format=geojson,,,,,reviewed,0,82,nc,158300,",nc158300,",",nc,",",focal-mechanism,nearby-cities,origin,phase-data,",54,0.004505,0.16,48,md,earthquake,"M 2.3 - 31 km ENE of Soledad, California",50,Point,"[-121.0345, 36.5751667, 7.962]",50
0,2.33,"7 km S of Sunol, California",643626455190,1481965732910,,https://earthquake.usgs.gov/earthquakes/eventpage/nc158260,https://earthquake.usgs.gov/fdsnws/event/1/query?eventid=nc158260&format=geojson,,,,,reviewed,0,84,nc,158260,",nc158260,",",nc,",",focal-mechanism,nearby-cities,origin,phase-data,",58,0.01441,0.1,24,md,earthquake,"M 2.3 - 7 km S of Sunol, California",51,Point,"[-121.8913333, 37.5226667, 10.343]",51
0,2.06,"21km SW of La Quinta, CA",643607963580,1454631855880,,https://earthquake.usgs.gov/earthquakes/eventpage/ci1059099,https://earthquake.usgs.gov/fdsnws/event/1/query?eventid=ci1059099&format=geojson,,,,,reviewed,0,65,ci,1059099,",ci1059099,",",ci,",",origin,phase-data,",0,,0.137,78.4,mc,earthquake,"M 2.1 - 21km SW of La Quinta, CA",52,Point,"[-116.447, 33.512, 9.432]",52
0,2.31,"3km NE of Claremont, CA",643594223440,1454631162180,,https://earthquake.usgs.gov/earthquakes/eventpage/ci1059090,https://earthquake.usgs.gov/fdsnws/event/1/query?eventid=ci1059090&format=geojson,,,,,reviewed,0,82,ci,1059090,",ci1059090,",",ci,",",origin,phase-data,",0,,0.12,57.1,ml,earthquake,"M 2.3 - 3km NE of Claremont, CA",53,Point,"[-117.693, 34.116, 1.772]",53
0,3.1,"6 km SW of Niland, California",643592245560,1415321184136,,https://earthquake.usgs.gov/earthquakes/eventpage/usp00049qu,https://earthquake.usgs.gov/fdsnws/event/1/query?eventid=usp00049qu&format=geojson,,,,,reviewed,0,148,us,p00049qu,",usp00049qu,",",us,",",origin,phase-data,",,,1.3,,ml,earthquake,"M 3.1 - 6 km SW of Niland, California",54,Point,"[-115.561, 33.198, 5]",54
0,2.03,"6 km SW of Cobb, California",643589103140,1481965638314,,https://earthquake.usgs.gov/earthquakes/eventpage/nc158243,https://earthquake.usgs.gov/fdsnws/event/1/query?eventid=nc158243&format=geojson,,,,,reviewed,0,63,nc,158243,",nc158243,",",nc,",",nearby-cities,origin,phase-data,",26,0.02072,0.03,39,md,earthquake,"M 2.0 - 6 km SW of Cobb, California",55,Point,"[-122.7796667, 38.7908333, 2.091]",55
0,2.66,"4 km S of Cobb, California",643539516140,1481965540250,,https://earthquake.usgs.gov/earthquakes/eventpage/nc158223,https://earthquake.usgs.gov/fdsnws/event/1/query?eventid=nc158223&format=geojson,,,,,reviewed,0,109,nc,158223,",nc158223,",",nc,",",focal-mechanism,nearby-cities,origin,phase-data,",34,0.009009,0.08,40,md,earthquake,"M 2.7 - 4 km S of Cobb, California",56,Point,"[-122.7235, 38.7805, 1.374]",56
0,2.1,"10 km SSW of Markleeville, California",643537058640,1481965522892,,https://earthquake.usgs.gov/earthquakes/eventpage/nc158219,https://earthquake.usgs.gov/fdsnws/event/1/query?eventid=nc158219&format=geojson,,,,,reviewed,0,68,nc,158219,",nc158219,",",nc,",",nearby-cities,origin,phase-data,",12,0.5748,0.05,265,md,earthquake,"M 2.1 - 10 km SSW of Markleeville, California",57,Point,"[-119.8456667, 38.6091667, -0.533]",57
0,2.05,"6km WNW of Grapevine, CA",643499319310,1454629777080,,https://earthquake.usgs.gov/earthquakes/eventpage/ci1059013,https://earthquake.usgs.gov/fdsnws/event/1/query?eventid=ci1059013&format=geojson,,,,,reviewed,0,65,ci,1059013,",ci1059013,",",ci,",",origin,phase-data,",0,,0.172,80.8,mc,earthquake,"M 2.1 - 6km WNW of Grapevine, CA",58,Point,"[-118.989, 34.965, 12.387]",58
0,2.12,"45km NE of Holtville, CA",643487900090,1454633184510,,https://earthquake.usgs.gov/earthquakes/eventpage/ci1059007,https://earthquake.usgs.gov/fdsnws/event/1/query?eventid=ci1059007&format=geojson,,,,,reviewed,0,69,ci,1059007,",ci1059007,",",ci,",",origin,phase-data,",0,,0.035,144.4,mc,quarry blast,"M 2.1 Quarry Blast - 45km NE of Holtville, CA",59,Point,"[-115, 33.06, -0.259]",59
0,2.07,"9 km W of Cobb, California",643483855990,1481965340430,,https://earthquake.usgs.gov/earthquakes/eventpage/nc158293,https://earthquake.usgs.gov/fdsnws/event/1/query?eventid=nc158293&format=geojson,,,,,reviewed,0,66,nc,158293,",nc158293,",",nc,",",nearby-cities,origin,phase-data,",17,0.02613,0.07,83,md,earthquake,"M 2.1 - 9 km W of Cobb, California",60,Point,"[-122.8265, 38.8166667, -0.119]",60
0,2.41,"8 km W of Cobb, California",643483744320,1481965333381,,https://earthquake.usgs.gov/earthquakes/eventpage/nc158276,https://earthquake.usgs.gov/fdsnws/event/1/query?eventid=nc158276&format=geojson,,,,,reviewed,0,89,nc,158276,",nc158276,",",nc,",",nearby-cities,origin,phase-data,",17,0.02883,0.09,80,md,earthquake,"M 2.4 - 8 km W of Cobb, California",61,Point,"[-122.8256667, 38.8238333, -0.869]",61
0,3.06,"9 km W of Cobb, California",643483695120,1481965326442,,https://earthquake.usgs.gov/earthquakes/eventpage/nc158273,https://earthquake.usgs.gov/fdsnws/event/1/query?eventid=nc158273&format=geojson,,,,,reviewed,0,144,nc,158273,",nc158273,",",nc,",",nearby-cities,origin,phase-data,",21,0.02793,0.13,43,md,earthquake,"M 3.1 - 9 km W of Cobb, California",62,Point,"[-122.8301667, 38.8121667, -0.799]",62
0,3.47,"8 km W of Cobb, California",643483672970,1481965321310,,https://earthquake.usgs.gov/earthquakes/eventpage/nc158168,https://earthquake.usgs.gov/fdsnws/event/1/query?eventid=nc158168&format=geojson,,,,,reviewed,0,185,nc,158168,",nc158168,",",nc,",",focal-mechanism,nearby-cities,origin,phase-data,",44,0.03333,0.26,33,md,earthquake,"M 3.5 - 8 km W of Cobb, California",63,Point,"[-122.8226667, 38.8328333, -0.849]",63
0,2.28,"4km N of Claremont, CA",643403891700,1454629776590,,https://earthquake.usgs.gov/earthquakes/eventpage/ci1058984,https://earthquake.usgs.gov/fdsnws/event/1/query?eventid=ci1058984&format=geojson,,,,,reviewed,0,80,ci,1058984,",ci1058984,",",ci,",",origin,phase-data,",0,,0.071,52.8,mc,earthquake,"M 2.3 - 4km N of Claremont, CA",64,Point,"[-117.721, 34.13, 6.142]",64
0,2.19,"4 km W of Cobb, California",643401228320,1481965107035,,https://earthquake.usgs.gov/earthquakes/eventpage/nc158136,https://earthquake.usgs.gov/fdsnws/event/1/query?eventid=nc158136&format=geojson,,,,,reviewed,0,74,nc,158136,",nc158136,",",nc,",",nearby-cities,origin,phase-data,",19,0.02072,0.05,58,md,earthquake,"M 2.2 - 4 km W of Cobb, California",65,Point,"[-122.7766667, 38.8233333, 1.991]",65
0,2.53,"4km S of Lytle Creek, CA",643390956910,1454633875960,,https://earthquake.usgs.gov/earthquakes/eventpage/ci1058976,https://earthquake.usgs.gov/fdsnws/event/1/query?eventid=ci1058976&format=geojson,,,,,reviewed,0,98,ci,1058976,",ci1058976,",",ci,",",origin,phase-data,",0,,0.072,30.1,ml,earthquake,"M 2.5 - 4km S of Lytle Creek, CA",66,Point,"[-117.499, 34.225, 8.521]",66
0,2.82,"13 km SSW of Kanosh, Utah",643386454410,1535429237420,,https://earthquake.usgs.gov/earthquakes/eventpage/uu50050245,https://earthquake.usgs.gov/fdsnws/event/1/query?eventid=uu50050245&format=geojson,,,,,reviewed,0,122,uu,50050245,",uu50050245,",",uu,",",origin,phase-data,",10,0.3169,0.21,89,md,earthquake,"M 2.8 - 13 km SSW of Kanosh, Utah",67,Point,"[-112.5155, 38.695, 7.6]",67
0,2.05,"2 km ENE of Alamo, California",643341282810,1481964942618,,https://earthquake.usgs.gov/earthquakes/eventpage/nc158113,https://earthquake.usgs.gov/fdsnws/event/1/query?eventid=nc158113&format=geojson,,,,,reviewed,0,65,nc,158113,",nc158113,",",nc,",",nearby-cities,origin,phase-data,",20,0.006306,0.23,52,md,earthquake,"M 2.1 - 2 km ENE of Alamo, California",68,Point,"[-122.01, 37.8601667, 1.286]",68
0,2.2,"5 km SW of Cobb, California",643336938290,1481964918390,,https://earthquake.usgs.gov/earthquakes/eventpage/nc158111,https://earthquake.usgs.gov/fdsnws/event/1/query?eventid=nc158111&format=geojson,,,,,reviewed,0,74,nc,158111,",nc158111,",",nc,",",focal-mechanism,nearby-cities,origin,phase-data,",27,0.02703,0.03,41,md,earthquake,"M 2.2 - 5 km SW of Cobb, California",69,Point,"[-122.7731667, 38.7865, 2.201]",69
0,2,"20 km SSE of Tres Pinos, California",643330567260,1481964885780,,https://earthquake.usgs.gov/earthquakes/eventpage/nc158107,https://earthquake.usgs.gov/fdsnws/event/1/query?eventid=nc158107&format=geojson,,,,,reviewed,0,62,nc,158107,",nc158107,",",nc,",",focal-mechanism,nearby-cities,origin,phase-data,",39,0.02883,0.04,43,md,earthquake,"M 2.0 - 20 km SSE of Tres Pinos, California",70,Point,"[-121.2326667, 36.6226667, 5.421]",70
0,2.15,"9km NW of Calipatria, CA",643319153840,1454628414740,,https://earthquake.usgs.gov/earthquakes/eventpage/ci1058952,https://earthquake.usgs.gov/fdsnws/event/1/query?eventid=ci1058952&format=geojson,,,,,reviewed,0,71,ci,1058952,",ci1058952,",",ci,",",origin,phase-data,",0,,0.082,59.6,mc,earthquake,"M 2.2 - 9km NW of Calipatria, CA",71,Point,"[-115.586, 33.18, 1.066]",71
0,2.24,"24 km NE of Greenfield, California",643312102140,1481964841940,,https://earthquake.usgs.gov/earthquakes/eventpage/nc158101,https://earthquake.usgs.gov/fdsnws/event/1/query?eventid=nc158101&format=geojson,,,,,reviewed,0,77,nc,158101,",nc158101,",",nc,",",focal-mechanism,nearby-cities,origin,phase-data,",37,0.03964,0.07,77,md,earthquake,"M 2.2 - 24 km NE of Greenfield, California",72,Point,"[-121.0375, 36.4615, 0.516]",72
0,2.03,"12km ENE of Ocotillo Wells, CA",643309472670,1454631159750,,https://earthquake.usgs.gov/earthquakes/eventpage/ci1058944,https://earthquake.usgs.gov/fdsnws/event/1/query?eventid=ci1058944&format=geojson,,,,,reviewed,0,63,ci,1058944,",ci1058944,",",ci,",",origin,phase-data,",0,,0.133,48.1,mc,earthquake,"M 2.0 - 12km ENE of Ocotillo Wells, CA",73,Point,"[-116.017, 33.187, 7.237]",73
0,2.02,"9km N of Victorville, CA",643304367530,1454627027750,,https://earthquake.usgs.gov/earthquakes/eventpage/ci1058936,https://earthquake.usgs.gov/fdsnws/event/1/query?eventid=ci1058936&format=geojson,,,,,reviewed,0,63,ci,1058936,",ci1058936,",",ci,",",origin,phase-data,",0,,0.197,61.7,mc,quarry blast,"M 2.0 Quarry Blast - 9km N of Victorville, CA",74,Point,"[-117.3, 34.62, -0.922]",74
0,2.02,"20km SW of La Quinta, CA",643299255510,1454628414240,,https://earthquake.usgs.gov/earthquakes/eventpage/ci1058929,https://earthquake.usgs.gov/fdsnws/event/1/query?eventid=ci1058929&format=geojson,,,,,reviewed,0,63,ci,1058929,",ci1058929,",",ci,",",origin,phase-data,",0,,0.125,77.6,mc,earthquake,"M 2.0 - 20km SW of La Quinta, CA",75,Point,"[-116.442, 33.515, 10.782]",75
0,3.6,"13 km N of Dixon Lane-Meadow Creek, California",643286956000,1481964737900,,https://earthquake.usgs.gov/earthquakes/eventpage/nc20091359,https://earthquake.usgs.gov/fdsnws/event/1/query?eventid=nc20091359&format=geojson,,,,,reviewed,0,199,nc,20091359,",nc20091359,ci1058924,usp00049k6,",",nc,ci,us,",",focal-mechanism,nearby-cities,origin,phase-data,",21,0.04685,0.05,218,ml,earthquake,"M 3.6 - 13 km N of Dixon Lane-Meadow Creek, California",76,Point,"[-118.4145, 37.5068333, 3.975]",76
0,2.29,"9 km ESE of Mammoth Lakes, California",643275180370,1481964707070,,https://earthquake.usgs.gov/earthquakes/eventpage/nc158081,https://earthquake.usgs.gov/fdsnws/event/1/query?eventid=nc158081&format=geojson,,,,,reviewed,0,81,nc,158081,",nc158081,ci1058921,",",nc,ci,",",focal-mechanism,nearby-cities,origin,phase-data,",37,0.01622,0.05,65,md,earthquake,"M 2.3 - 9 km ESE of Mammoth Lakes, California",77,Point,"[-118.8741667, 37.6253333, 5.372]",77
0,2.1,"8 km WSW of Cobb, California",643251399530,1481964638530,,https://earthquake.usgs.gov/earthquakes/eventpage/nc158073,https://earthquake.usgs.gov/fdsnws/event/1/query?eventid=nc158073&format=geojson,,,,,reviewed,0,68,nc,158073,",nc158073,",",nc,",",focal-mechanism,nearby-cities,origin,phase-data,",25,0.01622,0.05,38,md,earthquake,"M 2.1 - 8 km WSW of Cobb, California",78,Point,"[-122.8106667, 38.797, 3.788]",78
0,2.27,"3 km W of Antioch, California",643246875500,1481964617430,,https://earthquake.usgs.gov/earthquakes/eventpage/nc158070,https://earthquake.usgs.gov/fdsnws/event/1/query?eventid=nc158070&format=geojson,,,,,reviewed,0,79,nc,158070,",nc158070,",",nc,",",focal-mechanism,nearby-cities,origin,phase-data,",37,0.1018,0.1,126,md,earthquake,"M 2.3 - 3 km W of Antioch, California",79,Point,"[-121.8465, 38.0025, 17.205]",79
0,2.57,"15 km SSE of Tres Pinos, California",643235492190,1481964601010,,https://earthquake.usgs.gov/earthquakes/eventpage/nc158038,https://earthquake.usgs.gov/fdsnws/event/1/query?eventid=nc158038&format=geojson,,,,,reviewed,0,102,nc,158038,",nc158038,",",nc,",",focal-mechanism,nearby-cities,origin,phase-data,",67,0.01441,0.05,40,md,earthquake,"M 2.6 - 15 km SSE of Tres Pinos, California",80,Point,"[-121.279, 36.6535, 6.958]",80
0,2.03,"11 km ESE of Mammoth Lakes, California",643231808650,1481964578560,,https://earthquake.usgs.gov/earthquakes/eventpage/nc158067,https://earthquake.usgs.gov/fdsnws/event/1/query?eventid=nc158067&format=geojson,,,,,reviewed,0,63,nc,158067,",nc158067,ci1058911,",",nc,ci,",",focal-mechanism,nearby-cities,origin,phase-data,",31,0.02072,0.04,72,md,earthquake,"M 2.0 - 11 km ESE of Mammoth Lakes, California",81,Point,"[-118.8478333, 37.6075, 5.64]",81
0,2.1,"29km E of Big Pine, CA",643230808130,1454628413760,,https://earthquake.usgs.gov/earthquakes/eventpage/ci1058910,https://earthquake.usgs.gov/fdsnws/event/1/query?eventid=ci1058910&format=geojson,,,,,reviewed,0,68,ci,1058910,",ci1058910,",",ci,",",origin,phase-data,",0,,0.334,190.1,mh,earthquake,"M 2.1 - 29km E of Big Pine, CA",82,Point,"[-117.96, 37.133, 3.599]",82
0,2.23,"9 km NNW of Boulder Creek, California",643225077300,1481964553600,,https://earthquake.usgs.gov/earthquakes/eventpage/nc158062,https://earthquake.usgs.gov/fdsnws/event/1/query?eventid=nc158062&format=geojson,,,,,reviewed,0,77,nc,158062,",nc158062,",",nc,",",focal-mechanism,nearby-cities,origin,phase-data,",42,0.01712,0.14,99,md,earthquake,"M 2.2 - 9 km NNW of Boulder Creek, California",83,Point,"[-122.1805, 37.1978333, 4.454]",83
0,2.76,"80 km W of Vandenberg Air Force Base, California",643224684630,1481964547245,,https://earthquake.usgs.gov/earthquakes/eventpage/nc158061,https://earthquake.usgs.gov/fdsnws/event/1/query?eventid=nc158061&format=geojson,,,,,reviewed,0,117,nc,158061,",nc158061,",",nc,",",nearby-cities,origin,phase-data,",24,0.6748,0.37,265,md,earthquake,"M 2.8 - 80 km W of Vandenberg Air Force Base, California",84,Point,"[-121.3978333, 34.6873333, -0.159]",84
0,2.09,"12km SSE of Twentynine Palms, CA",643172566360,1454627713700,,https://earthquake.usgs.gov/earthquakes/eventpage/ci1058889,https://earthquake.usgs.gov/fdsnws/event/1/query?eventid=ci1058889&format=geojson,,,,,reviewed,0,67,ci,1058889,",ci1058889,",",ci,",",origin,phase-data,",0,,0.052,126.9,mh,earthquake,"M 2.1 - 12km SSE of Twentynine Palms, CA",85,Point,"[-116.022, 34.038, 0.425]",85
0,2.01,"1km N of Claremont, CA",643167502400,1454631852490,,https://earthquake.usgs.gov/earthquakes/eventpage/ci1058886,https://earthquake.usgs.gov/fdsnws/event/1/query?eventid=ci1058886&format=geojson,,,,,reviewed,0,62,ci,1058886,",ci1058886,",",ci,",",origin,phase-data,",0,,0.087,67.7,mc,earthquake,"M 2.0 - 1km N of Claremont, CA",86,Point,"[-117.718, 34.108, 3.542]",86
0,3.3,"6 km SW of Ridgemark, California",643150138130,1481964290040,,https://earthquake.usgs.gov/earthquakes/eventpage/nc20091360,https://earthquake.usgs.gov/fdsnws/event/1/query?eventid=nc20091360&format=geojson,,,,,reviewed,0,168,nc,20091360,",nc20091360,",",nc,",",focal-mechanism,nearby-cities,origin,phase-data,",89,0.01982,0.1,26,ml,earthquake,"M 3.3 - 6 km SW of Ridgemark, California",87,Point,"[-121.4165, 36.7661667, 9.998]",87
0,2.62,"6 km SW of Ridgemark, California",643149228650,1481964273180,,https://earthquake.usgs.gov/earthquakes/eventpage/nc157974,https://earthquake.usgs.gov/fdsnws/event/1/query?eventid=nc157974&format=geojson,,,,,reviewed,0,106,nc,157974,",nc157974,",",nc,",",focal-mechanism,nearby-cities,origin,phase-data,",84,0.02252,0.12,27,md,earthquake,"M 2.6 - 6 km SW of Ridgemark, California",88,Point,"[-121.417, 36.7683333, 9.098]",88
0,2.11,"1km SE of Westwood, CA",643142748120,1454629774670,,https://earthquake.usgs.gov/earthquakes/eventpage/ci1058877,https://earthquake.usgs.gov/fdsnws/event/1/query?eventid=ci1058877&format=geojson,,,,,reviewed,0,68,ci,1058877,",ci1058877,",",ci,",",origin,phase-data,",0,,0.103,72,mc,earthquake,"M 2.1 - 1km SE of Westwood, CA",89,Point,"[-118.423, 34.047, 2.562]",89
0,2.03,"15 km N of Coalinga, California",643141652300,1481964251476,,https://earthquake.usgs.gov/earthquakes/eventpage/nc157931,https://earthquake.usgs.gov/fdsnws/event/1/query?eventid=nc157931&format=geojson,,,,,reviewed,0,63,nc,157931,",nc157931,ci1058876,",",nc,ci,",",nearby-cities,origin,phase-data,",17,0.04234,0.07,120,md,earthquake,"M 2.0 - 15 km N of Coalinga, California",90,Point,"[-120.3828333, 36.2765, 10.928]",90
0,3.7,"16 km N of Coalinga, California",643139758130,1481964246210,,https://earthquake.usgs.gov/earthquakes/eventpage/nc20091358,https://earthquake.usgs.gov/fdsnws/event/1/query?eventid=nc20091358&format=geojson,,,,,reviewed,0,211,nc,20091358,",nc20091358,ci1058874,usp00049h3,",",nc,ci,us,",",focal-mechanism,nearby-cities,origin,phase-data,",54,0.04595,0.1,92,ml,earthquake,"M 3.7 - 16 km N of Coalinga, California",91,Point,"[-120.3775, 36.2855, 12.538]",91
0,2,"12km SE of Bombay Beach, CA",643136332670,1454629076590,,https://earthquake.usgs.gov/earthquakes/eventpage/ci1058873,https://earthquake.usgs.gov/fdsnws/event/1/query?eventid=ci1058873&format=geojson,,,,,reviewed,0,62,ci,1058873,",ci1058873,",",ci,",",origin,phase-data,",0,,0.047,67,mh,earthquake,"M 2.0 - 12km SE of Bombay Beach, CA",92,Point,"[-115.644, 33.276, 1.066]",92
0,2.2,"4 km WSW of Cobb, California",643134382300,1481964202898,,https://earthquake.usgs.gov/earthquakes/eventpage/nc157926,https://earthquake.usgs.gov/fdsnws/event/1/query?eventid=nc157926&format=geojson,,,,,reviewed,0,74,nc,157926,",nc157926,",",nc,",",nearby-cities,origin,phase-data,",23,0.01622,0.03,55,md,earthquake,"M 2.2 - 4 km WSW of Cobb, California",93,Point,"[-122.7746667, 38.8113333, 1.571]",93
0,2.36,"15km NNE of Borrego Springs, CA",643110503550,1454630466330,,https://earthquake.usgs.gov/earthquakes/eventpage/ci1058868,https://earthquake.usgs.gov/fdsnws/event/1/query?eventid=ci1058868&format=geojson,,,,,reviewed,0,86,ci,1058868,",ci1058868,",",ci,",",origin,phase-data,",0,,0.12,48.8,mc,earthquake,"M 2.4 - 15km NNE of Borrego Springs, CA",94,Point,"[-116.305, 33.373, 11.26]",94
0,2.71,"13km S of Arvin, CA",643108217040,1454629774130,,https://earthquake.usgs.gov/earthquakes/eventpage/ci1058867,https://earthquake.usgs.gov/fdsnws/event/1/query?eventid=ci1058867&format=geojson,,,,,reviewed,0,113,ci,1058867,",ci1058867,",",ci,",",origin,phase-data,",0,,0.138,83.1,mc,earthquake,"M 2.7 - 13km S of Arvin, CA",95,Point,"[-118.849, 35.093, 15.979]",95
0,2.63,"7km SW of Morongo Valley, CA",643098659090,1454627712710,,https://earthquake.usgs.gov/earthquakes/eventpage/ci141797,https://earthquake.usgs.gov/fdsnws/event/1/query?eventid=ci141797&format=geojson,,,,,reviewed,0,106,ci,141797,",ci141797,",",ci,",",origin,phase-data,",0,,0.13,56.8,ml,earthquake,"M 2.6 - 7km SW of Morongo Valley, CA",96,Point,"[-116.629, 33.995, 4.275]",96
0,2.55,"15 km SSE of Tres Pinos, California",643083254750,1481964103880,,https://earthquake.usgs.gov/earthquakes/eventpage/nc158001,https://earthquake.usgs.gov/fdsnws/event/1/query?eventid=nc158001&format=geojson,,,,,reviewed,0,100,nc,158001,",nc158001,",",nc,",",focal-mechanism,nearby-cities,origin,phase-data,",68,0.01532,0.06,39,md,earthquake,"M 2.6 - 15 km SSE of Tres Pinos, California",97,Point,"[-121.2745, 36.652, 6.058]",97
0,2.09,"8 km W of Chinese Camp, California",643068877030,1481964043830,,https://earthquake.usgs.gov/earthquakes/eventpage/nc157993,https://earthquake.usgs.gov/fdsnws/event/1/query?eventid=nc157993&format=geojson,,,,,reviewed,0,67,nc,157993,",nc157993,",",nc,",",nearby-cities,origin,phase-data,",6,0.03784,0.03,218,md,quarry blast,"M 2.1 Quarry Blast - 8 km W of Chinese Camp, California",98,Point,"[-120.5258333, 37.884, -0.253]",98
0,2.17,"1 km SSW of Mammoth Lakes, California",643068761550,1481964040337,,https://earthquake.usgs.gov/earthquakes/eventpage/nc157992,https://earthquake.usgs.gov/fdsnws/event/1/query?eventid=nc157992&format=geojson,,,,,reviewed,0,72,nc,157992,",nc157992,ci1058855,",",nc,ci,",",nearby-cities,origin,phase-data,",26,0.02703,0.05,67,md,earthquake,"M 2.2 - 1 km SSW of Mammoth Lakes, California",99,Point,"[-118.976, 37.639, 5.13]",99
0,2.3,"12 km ENE of Hidden Valley Lake, California",643067614830,1481964017744,,https://earthquake.usgs.gov/earthquakes/eventpage/nc1176820,https://earthquake.usgs.gov/fdsnws/event/1/query?eventid=nc1176820&format=geojson,,,,,reviewed,0,81,nc,1176820,",nc1176820,",",nc,",",nearby-cities,origin,phase-data,",4,0.04505,0.02,195,md,quarry blast,"M 2.3 Quarry Blast - 12 km ENE of Hidden Valley Lake, California",100,Point,"[-122.4163333, 38.8438333, -0.499]",100
0,2.01,"4 km E of Mammoth Lakes, California",643059389420,1481963968480,,https://earthquake.usgs.gov/earthquakes/eventpage/nc157916,https://earthquake.usgs.gov/fdsnws/event/1/query?eventid=nc157916&format=geojson,,,,,reviewed,0,62,nc,157916,",nc157916,ci1058852,",",nc,ci,",",focal-mechanism,nearby-cities,origin,phase-data,",35,0.008108,0.06,65,md,earthquake,"M 2.0 - 4 km E of Mammoth Lakes, California",101,Point,"[-118.9156667, 37.6523333, 4.564]",101
0,2.16,"31km ESE of Barstow, CA",643057943110,1454631157570,,https://earthquake.usgs.gov/earthquakes/eventpage/ci1058851,https://earthquake.usgs.gov/fdsnws/event/1/query?eventid=ci1058851&format=geojson,,,,,reviewed,0,72,ci,1058851,",ci1058851,",",ci,",",origin,phase-data,",0,,0.161,72.9,mc,quarry blast,"M 2.2 Quarry Blast - 31km ESE of Barstow, CA",102,Point,"[-116.7, 34.81, -0.868]",102
0,2.46,"4 km NNW of Aromas, California",643048881650,1481963899890,,https://earthquake.usgs.gov/earthquakes/eventpage/nc157906,https://earthquake.usgs.gov/fdsnws/event/1/query?eventid=nc157906&format=geojson,,,,,reviewed,0,93,nc,157906,",nc157906,",",nc,",",focal-mechanism,nearby-cities,origin,phase-data,",75,0.005405,0.09,48,md,earthquake,"M 2.5 - 4 km NNW of Aromas, California",103,Point,"[-121.663, 36.9261667, 7.548]",103
0,2,"9km N of Victorville, CA",643047739350,1454633871460,,https://earthquake.usgs.gov/earthquakes/eventpage/ci1058844,https://earthquake.usgs.gov/fdsnws/event/1/query?eventid=ci1058844&format=geojson,,,,,reviewed,0,62,ci,1058844,",ci1058844,",",ci,",",origin,phase-data,",0,,0.163,50.4,mc,quarry blast,"M 2.0 Quarry Blast - 9km N of Victorville, CA",104,Point,"[-117.3, 34.62, -0.999]",104
0,2.46,"10km N of Big Bear City, CA",643043072200,1454628411810,,https://earthquake.usgs.gov/earthquakes/eventpage/ci1058841,https://earthquake.usgs.gov/fdsnws/event/1/query?eventid=ci1058841&format=geojson,,,,,reviewed,0,93,ci,1058841,",ci1058841,",",ci,",",origin,phase-data,",0,,0.183,81.8,mc,quarry blast,"M 2.5 Quarry Blast - 10km N of Big Bear City, CA",105,Point,"[-116.85, 34.35, -1.613]",105
0,3.1,"14 km SSE of Tres Pinos, California",643041390800,1481963876960,,https://earthquake.usgs.gov/earthquakes/eventpage/nc157966,https://earthquake.usgs.gov/fdsnws/event/1/query?eventid=nc157966&format=geojson,,,,,reviewed,0,148,nc,157966,",nc157966,ci1058840,usp00049fs,",",nc,ci,us,",",focal-mechanism,nearby-cities,origin,phase-data,",71,0.01261,0.06,33,ml,earthquake,"M 3.1 - 14 km SSE of Tres Pinos, California",106,Point,"[-121.2868333, 36.66, 6.828]",106
0,2.19,"80 km W of Vandenberg Air Force Base, CA",643040574130,1689878575410,,https://earthquake.usgs.gov/earthquakes/eventpage/nc157901,https://earthquake.usgs.gov/fdsnws/event/1/query?eventid=nc157901&format=geojson,,,,,reviewed,0,74,nc,157901,",nc157901,ci680116,",",nc,ci,",",nearby-cities,origin,phase-data,",19,,0.05,265,md,earthquake,"M 2.2 - 80 km W of Vandenberg Air Force Base, CA",107,Point,"[-121.3801667, 34.6551667, 10.21]",107
0,2.27,"22km S of Fort Irwin, CA",643012434280,1454629075270,,https://earthquake.usgs.gov/earthquakes/eventpage/ci1058833,https://earthquake.usgs.gov/fdsnws/event/1/query?eventid=ci1058833&format=geojson,,,,,reviewed,0,79,ci,1058833,",ci1058833,",",ci,",",origin,phase-data,",0,,0.193,124,mc,earthquake,"M 2.3 - 22km S of Fort Irwin, CA",108,Point,"[-116.642, 35.07, 5.204]",108
0,2.72,"4km NW of Yucaipa, CA",643003623990,1454633180000,,https://earthquake.usgs.gov/earthquakes/eventpage/ci1058829,https://earthquake.usgs.gov/fdsnws/event/1/query?eventid=ci1058829&format=geojson,,,,,reviewed,0,114,ci,1058829,",ci1058829,",",ci,",",origin,phase-data,",0,,0.073,27.2,ml,earthquake,"M 2.7 - 4km NW of Yucaipa, CA",109,Point,"[-117.068, 34.062, 9.463]",109
0,2.1,"7 km NE of Upper Lake, California",643003242280,1481963750870,,https://earthquake.usgs.gov/earthquakes/eventpage/nc157863,https://earthquake.usgs.gov/fdsnws/event/1/query?eventid=nc157863&format=geojson,,,,,reviewed,0,68,nc,157863,",nc157863,",",nc,",",focal-mechanism,nearby-cities,origin,phase-data,",27,0.08288,0.08,48,md,earthquake,"M 2.1 - 7 km NE of Upper Lake, California",110,Point,"[-122.8511667, 39.2088333, 7.838]",110
0,2.99,"14 km SSE of Tres Pinos, California",642999759130,1481963732100,,https://earthquake.usgs.gov/earthquakes/eventpage/nc20091368,https://earthquake.usgs.gov/fdsnws/event/1/query?eventid=nc20091368&format=geojson,,,,,reviewed,0,138,nc,20091368,",nc20091368,usp00049f8,",",nc,us,",",focal-mechanism,nearby-cities,origin,phase-data,",86,0.01261,0.05,36,md,earthquake,"M 3.0 - 14 km SSE of Tres Pinos, California",111,Point,"[-121.2858333, 36.6586667, 7.328]",111
0,3.1,"14 km SSE of Tres Pinos, California",642999666540,1481963720500,,https://earthquake.usgs.gov/earthquakes/eventpage/nc20091367,https://earthquake.usgs.gov/fdsnws/event/1/query?eventid=nc20091367&format=geojson,,,,,reviewed,0,148,nc,20091367,",nc20091367,usp00049f7,",",nc,us,",",focal-mechanism,nearby-cities,origin,phase-data,",89,0.01261,0.05,35,ml,earthquake,"M 3.1 - 14 km SSE of Tres Pinos, California",112,Point,"[-121.2856667, 36.6591667, 7.156]",112
0,2.31,"31 km ENE of Covelo, California",642985465180,1481963647782,,https://earthquake.usgs.gov/earthquakes/eventpage/nc1176766,https://earthquake.usgs.gov/fdsnws/event/1/query?eventid=nc1176766&format=geojson,,,,,reviewed,0,82,nc,1176766,",nc1176766,",",nc,",",nearby-cities,origin,phase-data,",5,0.4063,0.1,110,md,earthquake,"M 2.3 - 31 km ENE of Covelo, California",113,Point,"[-122.915, 39.9128333, 21.967]",113
0,2.44,"21 km NE of Soledad, California",642983196560,1481963635710,,https://earthquake.usgs.gov/earthquakes/eventpage/nc157851,https://earthquake.usgs.gov/fdsnws/event/1/query?eventid=nc157851&format=geojson,,,,,reviewed,0,92,nc,157851,",nc157851,",",nc,",",focal-mechanism,nearby-cities,origin,phase-data,",62,0.01982,0.04,24,md,earthquake,"M 2.4 - 21 km NE of Soledad, California",114,Point,"[-121.1665, 36.5703333, 5.542]",114
0,2.31,"7km NE of Lake Isabella, CA",642978834680,1454625707050,,https://earthquake.usgs.gov/earthquakes/eventpage/ci1058814,https://earthquake.usgs.gov/fdsnws/event/1/query?eventid=ci1058814&format=geojson,,,,,reviewed,0,82,ci,1058814,",ci1058814,",",ci,",",origin,phase-data,",0,,0.052,99.3,mc,earthquake,"M 2.3 - 7km NE of Lake Isabella, CA",115,Point,"[-118.407, 35.654, 3.025]",115
0,2.32,"24 km NW of Parkfield, California",642972272660,1481963598350,,https://earthquake.usgs.gov/earthquakes/eventpage/nc157842,https://earthquake.usgs.gov/fdsnws/event/1/query?eventid=nc157842&format=geojson,,,,,reviewed,0,83,nc,157842,",nc157842,ci1058807,",",nc,ci,",",focal-mechanism,nearby-cities,origin,phase-data,",34,0.02072,0.08,62,md,earthquake,"M 2.3 - 24 km NW of Parkfield, California",116,Point,"[-120.6163333, 36.0563333, 0.531]",116
0,3.6,"7 km E of East Foothills, California",642970188690,1481963578440,,https://earthquake.usgs.gov/earthquakes/eventpage/nc20091356,https://earthquake.usgs.gov/fdsnws/event/1/query?eventid=nc20091356&format=geojson,,,,,reviewed,0,199,nc,20091356,",nc20091356,usp00049ef,",",nc,us,",",focal-mechanism,impact-text,nearby-cities,origin,phase-data,",98,0.02613,0.05,30,ml,earthquake,"M 3.6 - 7 km E of East Foothills, California",117,Point,"[-121.7296667, 37.3733333, 8.427]",117
0,2.05,"14 km WSW of Paskenta, California",642955893710,1481963534206,,https://earthquake.usgs.gov/earthquakes/eventpage/nc1176758,https://earthquake.usgs.gov/fdsnws/event/1/query?eventid=nc1176758&format=geojson,,,,,reviewed,0,65,nc,1176758,",nc1176758,",",nc,",",nearby-cities,origin,phase-data,",5,0.1775,0.08,174,md,earthquake,"M 2.1 - 14 km WSW of Paskenta, California",118,Point,"[-122.697, 39.8316667, 0.73]",118
0,2.86,"13 km WSW of Paskenta, California",642952785850,1481963530521,,https://earthquake.usgs.gov/earthquakes/eventpage/nc157831,https://earthquake.usgs.gov/fdsnws/event/1/query?eventid=nc157831&format=geojson,,,,,reviewed,0,126,nc,157831,",nc157831,usp00049e7,",",nc,us,",",nearby-cities,origin,phase-data,",19,0.3901,0.1,80,md,earthquake,"M 2.9 - 13 km WSW of Paskenta, California",119,Point,"[-122.6926667, 39.8455, 1.194]",119
0,2.18,"21km SW of Lompoc, CA",642935557160,1454630464260,,https://earthquake.usgs.gov/earthquakes/eventpage/ci141796,https://earthquake.usgs.gov/fdsnws/event/1/query?eventid=ci141796&format=geojson,,,,,reviewed,0,73,ci,141796,",ci141796,",",ci,",",origin,phase-data,",0,,0.092,222.8,mc,earthquake,"M 2.2 - 21km SW of Lompoc, CA",120,Point,"[-120.628, 34.509, 5.286]",120
0,2.2,"13 km WSW of Leggett, California",642925839600,1481963468695,,https://earthquake.usgs.gov/earthquakes/eventpage/nc157820,https://earthquake.usgs.gov/fdsnws/event/1/query?eventid=nc157820&format=geojson,,,,,reviewed,0,74,nc,157820,",nc157820,",",nc,",",nearby-cities,origin,phase-data,",13,0.2279,0.22,164,md,earthquake,"M 2.2 - 13 km WSW of Leggett, California",121,Point,"[-123.8713333, 39.836, -0.976]",121
0,2.57,"10km N of Big Bear City, CA",642894998440,1454629772290,,https://earthquake.usgs.gov/earthquakes/eventpage/ci1058764,https://earthquake.usgs.gov/fdsnws/event/1/query?eventid=ci1058764&format=geojson,,,,,reviewed,0,102,ci,1058764,",ci1058764,",",ci,",",origin,phase-data,",0,,0.075,81.8,mc,quarry blast,"M 2.6 Quarry Blast - 10km N of Big Bear City, CA",122,Point,"[-116.85, 34.35, -1.457]",122
0,2.24,"12 km ENE of Hidden Valley Lake, California",642894909330,1481963356363,,https://earthquake.usgs.gov/earthquakes/eventpage/nc157955,https://earthquake.usgs.gov/fdsnws/event/1/query?eventid=nc157955&format=geojson,,,,,reviewed,0,77,nc,157955,",nc157955,",",nc,",",nearby-cities,origin,phase-data,",5,0.03964,0.05,141,md,quarry blast,"M 2.2 Quarry Blast - 12 km ENE of Hidden Valley Lake, California",123,Point,"[-122.4151667, 38.8361667, 6.176]",123
0,2.29,"14 km ENE of Hidden Valley Lake, California",642894906770,1481963352580,,https://earthquake.usgs.gov/earthquakes/eventpage/nc157809,https://earthquake.usgs.gov/fdsnws/event/1/query?eventid=nc157809&format=geojson,,,,,reviewed,0,81,nc,157809,",nc157809,",",nc,",",nearby-cities,origin,phase-data,",5,0.05315,0.02,117,md,quarry blast,"M 2.3 Quarry Blast - 14 km ENE of Hidden Valley Lake, California",124,Point,"[-122.3966667, 38.8415, -0.617]",124
0,3.41,"18 km SW of Kanosh, Utah",642888603510,1535429227000,,https://earthquake.usgs.gov/earthquakes/eventpage/uu50050160,https://earthquake.usgs.gov/fdsnws/event/1/query?eventid=uu50050160&format=geojson,,,,,reviewed,0,179,uu,50050160,",usp00049d4,uu50050160,",",us,uu,",",origin,phase-data,",19,0.2643,0.3,95,md,earthquake,"M 3.4 - 18 km SW of Kanosh, Utah",125,Point,"[-112.5768333, 38.6718333, -3.08]",125
0,2.36,"9km ESE of Kernville, CA",642882373120,1454633869330,,https://earthquake.usgs.gov/earthquakes/eventpage/ci1058755,https://earthquake.usgs.gov/fdsnws/event/1/query?eventid=ci1058755&format=geojson,,,,,reviewed,0,86,ci,1058755,",ci1058755,",",ci,",",origin,phase-data,",0,,0.057,91.8,mc,earthquake,"M 2.4 - 9km ESE of Kernville, CA",126,Point,"[-118.328, 35.738, 5.556]",126
0,2.2,"9km E of Kernville, CA",642880875200,1454624334190,,https://earthquake.usgs.gov/earthquakes/eventpage/ci1058754,https://earthquake.usgs.gov/fdsnws/event/1/query?eventid=ci1058754&format=geojson,,,,,reviewed,0,74,ci,1058754,",ci1058754,",",ci,",",origin,phase-data,",0,,0.064,94.3,mc,earthquake,"M 2.2 - 9km E of Kernville, CA",127,Point,"[-118.331, 35.745, 3.696]",127
0,3.2,"14 km N of Coalinga, California",642878293930,1481963286860,,https://earthquake.usgs.gov/earthquakes/eventpage/nc20091347,https://earthquake.usgs.gov/fdsnws/event/1/query?eventid=nc20091347&format=geojson,,,,,reviewed,0,158,nc,20091347,",nc20091347,ci1058753,usp00049cy,",",nc,ci,us,",",focal-mechanism,nearby-cities,origin,phase-data,",54,0.01712,0.06,64,ml,earthquake,"M 3.2 - 14 km N of Coalinga, California",128,Point,"[-120.3345, 36.2655, 8.867]",128
0,2.29,"15 km SSE of Tres Pinos, California",642858620590,1481963211130,,https://earthquake.usgs.gov/earthquakes/eventpage/nc20091346,https://earthquake.usgs.gov/fdsnws/event/1/query?eventid=nc20091346&format=geojson,,,,,reviewed,0,81,nc,20091346,",nc20091346,",",nc,",",focal-mechanism,nearby-cities,origin,phase-data,",31,0.01441,0.03,44,md,earthquake,"M 2.3 - 15 km SSE of Tres Pinos, California",129,Point,"[-121.2855, 36.6568333, 6.208]",129
0,2.45,"15 km SSE of Tres Pinos, California",642858595440,1481963203330,,https://earthquake.usgs.gov/earthquakes/eventpage/nc20091345,https://earthquake.usgs.gov/fdsnws/event/1/query?eventid=nc20091345&format=geojson,,,,,reviewed,0,92,nc,20091345,",nc20091345,",",nc,",",focal-mechanism,nearby-cities,origin,phase-data,",30,0.01532,0.04,40,md,earthquake,"M 2.5 - 15 km SSE of Tres Pinos, California",130,Point,"[-121.286, 36.6558333, 6.351]",130
0,3.19,"15 km SSE of Tres Pinos, California",642858566700,1481963194480,,https://earthquake.usgs.gov/earthquakes/eventpage/nc20091344,https://earthquake.usgs.gov/fdsnws/event/1/query?eventid=nc20091344&format=geojson,,,,,reviewed,0,157,nc,20091344,",nc20091344,usp00049cf,",",nc,us,",",focal-mechanism,nearby-cities,origin,phase-data,",90,0.01171,0.07,24,md,earthquake,"M 3.2 - 15 km SSE of Tres Pinos, California",131,Point,"[-121.2825, 36.6576667, 7.118]",131
0,2.43,"4 km ENE of Mammoth Lakes, California",642840751160,1481963108075,,https://earthquake.usgs.gov/earthquakes/eventpage/nc158013,https://earthquake.usgs.gov/fdsnws/event/1/query?eventid=nc158013&format=geojson,,,,,reviewed,0,91,nc,158013,",nc158013,",",nc,",",nearby-cities,origin,phase-data,",11,0.01532,0.04,147,md,earthquake,"M 2.4 - 4 km ENE of Mammoth Lakes, California",132,Point,"[-118.9246667, 37.6565, -1.412]",132
0,2.55,"5 km ESE of Mammoth Lakes, California",642840749220,1481963102730,,https://earthquake.usgs.gov/earthquakes/eventpage/nc157719,https://earthquake.usgs.gov/fdsnws/event/1/query?eventid=nc157719&format=geojson,,,,,reviewed,0,100,nc,157719,",nc157719,ci141776,",",nc,ci,",",focal-mechanism,nearby-cities,origin,phase-data,",21,0.01081,0.16,49,md,earthquake,"M 2.6 - 5 km ESE of Mammoth Lakes, California",133,Point,"[-118.9158333, 37.6251667, 11.765]",133
0,2.21,"19km NNE of Indio, CA",642833190280,1454632511190,,https://earthquake.usgs.gov/earthquakes/eventpage/ci141794,https://earthquake.usgs.gov/fdsnws/event/1/query?eventid=ci141794&format=geojson,,,,,reviewed,0,75,ci,141794,",ci141794,",",ci,",",origin,phase-data,",0,,0.111,93.5,mc,earthquake,"M 2.2 - 19km NNE of Indio, CA",134,Point,"[-116.147, 33.88, 0.616]",134
0,2.2,"18km NNE of Indio, CA",642832922330,1454632510690,,https://earthquake.usgs.gov/earthquakes/eventpage/ci141770,https://earthquake.usgs.gov/fdsnws/event/1/query?eventid=ci141770&format=geojson,,,,,reviewed,0,74,ci,141770,",ci141770,",",ci,",",origin,phase-data,",0,,0.221,94,mc,earthquake,"M 2.2 - 18km NNE of Indio, CA",135,Point,"[-116.154, 33.879, 0.616]",135
0,2.71,"18km NNE of Indio, CA",642832885670,1454630463680,,https://earthquake.usgs.gov/earthquakes/eventpage/ci1058723,https://earthquake.usgs.gov/fdsnws/event/1/query?eventid=ci1058723&format=geojson,,,,,reviewed,0,113,ci,1058723,",ci1058723,",",ci,",",origin,phase-data,",0,,0.107,71.5,ml,earthquake,"M 2.7 - 18km NNE of Indio, CA",136,Point,"[-116.153, 33.878, 2.926]",136
0,3,"14 km SSE of Tres Pinos, California",642832083060,1481963071050,,https://earthquake.usgs.gov/earthquakes/eventpage/nc157717,https://earthquake.usgs.gov/fdsnws/event/1/query?eventid=nc157717&format=geojson,,,,,reviewed,0,138,nc,157717,",nc157717,usp00049c1,",",nc,us,",",focal-mechanism,nearby-cities,origin,phase-data,",78,0.01081,0.07,30,ml,earthquake,"M 3.0 - 14 km SSE of Tres Pinos, California",137,Point,"[-121.2838333, 36.6606667, 6.058]",137
0,2.69,"0 km E of Alamo, California",642828738300,1481963032660,,https://earthquake.usgs.gov/earthquakes/eventpage/nc157756,https://earthquake.usgs.gov/fdsnws/event/1/query?eventid=nc157756&format=geojson,,,,,reviewed,0,111,nc,157756,",nc157756,",",nc,",",focal-mechanism,nearby-cities,origin,phase-data,",50,0.02252,0.12,42,md,earthquake,"M 2.7 - 0 km E of Alamo, California",138,Point,"[-122.0273333, 37.8503333, 5.616]",138
0,2.63,"21km NNW of Borrego Springs, CA",642820461010,1454626353980,,https://earthquake.usgs.gov/earthquakes/eventpage/ci1058720,https://earthquake.usgs.gov/fdsnws/event/1/query?eventid=ci1058720&format=geojson,,,,,reviewed,0,106,ci,1058720,",ci1058720,",",ci,",",origin,phase-data,",0,,0.131,56.1,ml,earthquake,"M 2.6 - 21km NNW of Borrego Springs, CA",139,Point,"[-116.439, 33.437, 11.419]",139
0,2.78,"24km W of Ludlow, CA",642815308790,1454627022200,,https://earthquake.usgs.gov/earthquakes/eventpage/ci1058715,https://earthquake.usgs.gov/fdsnws/event/1/query?eventid=ci1058715&format=geojson,,,,,reviewed,0,119,ci,1058715,",ci1058715,",",ci,",",origin,phase-data,",0,,0.126,72.6,mc,quarry blast,"M 2.8 Quarry Blast - 24km W of Ludlow, CA",140,Point,"[-116.42, 34.75, -1.037]",140
0,2.01,"7km N of Fontana, CA",642811381380,1454631153240,,https://earthquake.usgs.gov/earthquakes/eventpage/ci1058713,https://earthquake.usgs.gov/fdsnws/event/1/query?eventid=ci1058713&format=geojson,,,,,reviewed,0,62,ci,1058713,",ci1058713,",",ci,",",origin,phase-data,",0,,0.063,157.7,mc,earthquake,"M 2.0 - 7km N of Fontana, CA",141,Point,"[-117.465, 34.159, 14.592]",141
0,2.31,"4 km NW of Oroville East, California",642788887980,1481962930736,,https://earthquake.usgs.gov/earthquakes/eventpage/nc1176674,https://earthquake.usgs.gov/fdsnws/event/1/query?eventid=nc1176674&format=geojson,,,,,reviewed,0,82,nc,1176674,",nc1176674,",",nc,",",nearby-cities,origin,phase-data,",5,0.01892,0.07,126,md,earthquake,"M 2.3 - 4 km NW of Oroville East, California",142,Point,"[-121.5123333, 39.5378333, 2.157]",142
0,2.5,"3 km ESE of Mammoth Lakes, California",642786440150,1481962913430,,https://earthquake.usgs.gov/earthquakes/eventpage/nc157703,https://earthquake.usgs.gov/fdsnws/event/1/query?eventid=nc157703&format=geojson,,,,,reviewed,0,96,nc,157703,",nc157703,ci1058700,",",nc,ci,",",focal-mechanism,nearby-cities,origin,phase-data,",34,0.02432,0.06,75,md,earthquake,"M 2.5 - 3 km ESE of Mammoth Lakes, California",143,Point,"[-118.931, 37.636, 5.754]",143
0,2.21,"7 km W of Cobb, California",642784979280,1481962905270,,https://earthquake.usgs.gov/earthquakes/eventpage/nc157702,https://earthquake.usgs.gov/fdsnws/event/1/query?eventid=nc157702&format=geojson,,,,,reviewed,0,75,nc,157702,",nc157702,",",nc,",",focal-mechanism,nearby-cities,origin,phase-data,",31,0.02523,0.06,49,md,earthquake,"M 2.2 - 7 km W of Cobb, California",144,Point,"[-122.814, 38.8276667, 0.451]",144
0,3.14,"8 km W of Cobb, California",642779742640,1481962879350,,https://earthquake.usgs.gov/earthquakes/eventpage/nc157701,https://earthquake.usgs.gov/fdsnws/event/1/query?eventid=nc157701&format=geojson,,,,,reviewed,0,152,nc,157701,",nc157701,",",nc,",",focal-mechanism,nearby-cities,origin,phase-data,",44,0.02973,0.12,46,md,earthquake,"M 3.1 - 8 km W of Cobb, California",145,Point,"[-122.817, 38.8321667, -0.401]",145
0,2.2,"7 km W of Cobb, California",642779717840,1481962872519,,https://earthquake.usgs.gov/earthquakes/eventpage/nc157788,https://earthquake.usgs.gov/fdsnws/event/1/query?eventid=nc157788&format=geojson,,,,,reviewed,0,74,nc,157788,",nc157788,",",nc,",",nearby-cities,origin,phase-data,",20,0.02523,0.07,50,md,earthquake,"M 2.2 - 7 km W of Cobb, California",146,Point,"[-122.8105, 38.8295, 0.331]",146
0,2.19,"9 km SW of Ridgemark, California",642770726710,1481962859270,,https://earthquake.usgs.gov/earthquakes/eventpage/nc157700,https://earthquake.usgs.gov/fdsnws/event/1/query?eventid=nc157700&format=geojson,,,,,reviewed,0,74,nc,157700,",nc157700,",",nc,",",focal-mechanism,nearby-cities,origin,phase-data,",59,0.03243,0.11,38,md,earthquake,"M 2.2 - 9 km SW of Ridgemark, California",147,Point,"[-121.453, 36.762, 7.71]",147
0,2.19,"10 km SSW of Aspen Springs, California",642756293290,1481962778740,,https://earthquake.usgs.gov/earthquakes/eventpage/nc157682,https://earthquake.usgs.gov/fdsnws/event/1/query?eventid=nc157682&format=geojson,,,,,reviewed,0,74,nc,157682,",nc157682,ci1058695,",",nc,ci,",",focal-mechanism,nearby-cities,origin,phase-data,",37,0.03964,0.05,101,md,earthquake,"M 2.2 - 10 km SSW of Aspen Springs, California",148,Point,"[-118.7816667, 37.4721667, 12.633]",148
0,2.43,"10 km WSW of Ridgemark, California",642751469360,1481962748930,,https://earthquake.usgs.gov/earthquakes/eventpage/nc157681,https://earthquake.usgs.gov/fdsnws/event/1/query?eventid=nc157681&format=geojson,,,,,reviewed,0,91,nc,157681,",nc157681,",",nc,",",focal-mechanism,nearby-cities,origin,phase-data,",62,0.02432,0.1,31,md,earthquake,"M 2.4 - 10 km WSW of Ridgemark, California",149,Point,"[-121.463, 36.7618333, 8.084]",149
0,2.32,"5 km SW of Cobb, California",642742470260,1481962735950,,https://earthquake.usgs.gov/earthquakes/eventpage/nc157686,https://earthquake.usgs.gov/fdsnws/event/1/query?eventid=nc157686&format=geojson,,,,,reviewed,0,83,nc,157686,",nc157686,",",nc,",",focal-mechanism,nearby-cities,origin,phase-data,",33,0.01982,0.05,44,md,earthquake,"M 2.3 - 5 km SW of Cobb, California",150,Point,"[-122.7795, 38.7915, 2.661]",150
0,2.36,"9 km W of Cobb, California",642731223890,1481962716220,,https://earthquake.usgs.gov/earthquakes/eventpage/nc157683,https://earthquake.usgs.gov/fdsnws/event/1/query?eventid=nc157683&format=geojson,,,,,reviewed,0,86,nc,157683,",nc157683,",",nc,",",focal-mechanism,nearby-cities,origin,phase-data,",25,0.03243,0.07,46,md,earthquake,"M 2.4 - 9 km W of Cobb, California",151,Point,"[-122.8335, 38.8193333, 0.589]",151
0,2.07,"4 km WNW of San Juan Bautista, California",642729605300,1481962708600,,https://earthquake.usgs.gov/earthquakes/eventpage/nc157680,https://earthquake.usgs.gov/fdsnws/event/1/query?eventid=nc157680&format=geojson,,,,,reviewed,0,66,nc,157680,",nc157680,",",nc,",",focal-mechanism,nearby-cities,origin,phase-data,",60,0.02703,0.09,41,md,earthquake,"M 2.1 - 4 km WNW of San Juan Bautista, California",152,Point,"[-121.5856667, 36.8538333, 6.094]",152
0,2.21,"9 km W of Cobb, California",642728223470,1481962694319,,https://earthquake.usgs.gov/earthquakes/eventpage/nc157679,https://earthquake.usgs.gov/fdsnws/event/1/query?eventid=nc157679&format=geojson,,,,,reviewed,0,75,nc,157679,",nc157679,",",nc,",",nearby-cities,origin,phase-data,",18,0.03514,0.09,51,md,earthquake,"M 2.2 - 9 km W of Cobb, California",153,Point,"[-122.8368333, 38.8196667, -0.341]",153
0,2.15,"9 km W of Cobb, California",642727787420,1481962686783,,https://earthquake.usgs.gov/earthquakes/eventpage/nc1176649,https://earthquake.usgs.gov/fdsnws/event/1/query?eventid=nc1176649&format=geojson,,,,,reviewed,0,71,nc,1176649,",nc1176649,",",nc,",",nearby-cities,origin,phase-data,",13,0.03153,0.06,128,md,earthquake,"M 2.2 - 9 km W of Cobb, California",154,Point,"[-122.8286667, 38.8241667, 0.422]",154
0,2.64,"9 km W of Cobb, California",642727750630,1481962681410,,https://earthquake.usgs.gov/earthquakes/eventpage/nc157678,https://earthquake.usgs.gov/fdsnws/event/1/query?eventid=nc157678&format=geojson,,,,,reviewed,0,107,nc,157678,",nc157678,",",nc,",",focal-mechanism,nearby-cities,origin,phase-data,",33,0.03153,0.09,46,md,earthquake,"M 2.6 - 9 km W of Cobb, California",155,Point,"[-122.8303333, 38.8231667, 0.199]",155
0,2.88,"3 km WNW of Pacifica, California",642724289320,1481962658070,,https://earthquake.usgs.gov/earthquakes/eventpage/nc157675,https://earthquake.usgs.gov/fdsnws/event/1/query?eventid=nc157675&format=geojson,,,,,reviewed,0,128,nc,157675,",nc157675,usp00049af,",",nc,us,",",focal-mechanism,impact-text,nearby-cities,origin,phase-data,",63,0.03874,0.05,171,md,earthquake,"M 2.9 - 3 km WNW of Pacifica, California",156,Point,"[-122.5231667, 37.6285, 7.053]",156
0,2.01,"4km NW of Boron, CA",642722645500,1454624332390,,https://earthquake.usgs.gov/earthquakes/eventpage/ci1058676,https://earthquake.usgs.gov/fdsnws/event/1/query?eventid=ci1058676&format=geojson,,,,,reviewed,0,62,ci,1058676,",ci1058676,",",ci,",",origin,phase-data,",0,,0.163,50.3,mc,quarry blast,"M 2.0 Quarry Blast - 4km NW of Boron, CA",157,Point,"[-117.68, 35.03, -0.935]",157
0,2.26,"15 km E of Hidden Valley Lake, California",642722255920,1481962638237,,https://earthquake.usgs.gov/earthquakes/eventpage/nc157665,https://earthquake.usgs.gov/fdsnws/event/1/query?eventid=nc157665&format=geojson,,,,,reviewed,0,79,nc,157665,",nc157665,",",nc,",",nearby-cities,origin,phase-data,",8,0.05766,0.17,72,md,quarry blast,"M 2.3 Quarry Blast - 15 km E of Hidden Valley Lake, California",158,Point,"[-122.3805, 38.8285, -0.436]",158
0,2.06,"6km NNE of Claremont, CA",642714673670,1454628409500,,https://earthquake.usgs.gov/earthquakes/eventpage/ci1058675,https://earthquake.usgs.gov/fdsnws/event/1/query?eventid=ci1058675&format=geojson,,,,,reviewed,0,65,ci,1058675,",ci1058675,",",ci,",",origin,phase-data,",0,,0.094,61.8,mc,earthquake,"M 2.1 - 6km NNE of Claremont, CA",159,Point,"[-117.706, 34.146, 7.172]",159
0,2.66,"1km E of Wofford Heights, CA",642675795230,1454624331890,,https://earthquake.usgs.gov/earthquakes/eventpage/ci1058646,https://earthquake.usgs.gov/fdsnws/event/1/query?eventid=ci1058646&format=geojson,,,,,reviewed,0,109,ci,1058646,",ci1058646,",",ci,",",origin,phase-data,",0,,0.045,83.9,mc,earthquake,"M 2.7 - 1km E of Wofford Heights, CA",160,Point,"[-118.447, 35.706, 3.075]",160
0,3.04,"6km WSW of Orcutt, CA",642674665150,1454631847940,,https://earthquake.usgs.gov/earthquakes/eventpage/ci1058645,https://earthquake.usgs.gov/fdsnws/event/1/query?eventid=ci1058645&format=geojson,,,,,reviewed,0,142,ci,1058645,",usp000499q,ci1058645,",",us,ci,",",origin,phase-data,",0,,0.167,130.1,mc,earthquake,"M 3.0 - 6km WSW of Orcutt, CA",161,Point,"[-120.5, 34.852, 5.54]",161
0,2.98,"7km E of Anza, CA",642661527100,1454630461740,,https://earthquake.usgs.gov/earthquakes/eventpage/ci1058641,https://earthquake.usgs.gov/fdsnws/event/1/query?eventid=ci1058641&format=geojson,,,,,reviewed,0,137,ci,1058641,",ci1058641,",",ci,",",origin,phase-data,",0,,0.101,44.5,ml,earthquake,"M 3.0 - 7km E of Anza, CA",162,Point,"[-116.6, 33.548, 12.988]",162
0,2.01,"4 km WNW of Grangeville, California",642632830760,1481962391543,,https://earthquake.usgs.gov/earthquakes/eventpage/nc157612,https://earthquake.usgs.gov/fdsnws/event/1/query?eventid=nc157612&format=geojson,,,,,reviewed,0,62,nc,157612,",nc157612,ci1058630,",",nc,ci,",",nearby-cities,origin,phase-data,",11,0.2883,0.08,215,md,earthquake,"M 2.0 - 4 km WNW of Grangeville, California",163,Point,"[-119.753, 36.3555, 17.7]",163
0,2.11,"10 km SE of Leggett, California",642631101500,1481962383790,,https://earthquake.usgs.gov/earthquakes/eventpage/nc1176617,https://earthquake.usgs.gov/fdsnws/event/1/query?eventid=nc1176617&format=geojson,,,,,reviewed,0,68,nc,1176617,",nc1176617,",",nc,",",nearby-cities,origin,phase-data,",10,0.1126,0.24,207,md,earthquake,"M 2.1 - 10 km SE of Leggett, California",164,Point,"[-123.6403333, 39.7886667, 8.63]",164
0,2.46,"3km SW of Rancho Cucamonga, CA",642620731650,1454629072850,,https://earthquake.usgs.gov/earthquakes/eventpage/ci1058626,https://earthquake.usgs.gov/fdsnws/event/1/query?eventid=ci1058626&format=geojson,,,,,reviewed,0,93,ci,1058626,",ci1058626,",",ci,",",origin,phase-data,",0,,0.075,47.2,ml,earthquake,"M 2.5 - 3km SW of Rancho Cucamonga, CA",165,Point,"[-117.602, 34.105, 10.616]",165
0,2.02,"9 km WSW of Cobb, California",642605647880,1481962305118,,https://earthquake.usgs.gov/earthquakes/eventpage/nc157591,https://earthquake.usgs.gov/fdsnws/event/1/query?eventid=nc157591&format=geojson,,,,,reviewed,0,63,nc,157591,",nc157591,",",nc,",",nearby-cities,origin,phase-data,",20,0.02432,0.05,37,md,earthquake,"M 2.0 - 9 km WSW of Cobb, California",166,Point,"[-122.8248333, 38.8013333, 2.188]",166
0,2.47,"1 km SSW of Mammoth Lakes, California",642603996090,1481962291880,,https://earthquake.usgs.gov/earthquakes/eventpage/nc20091971,https://earthquake.usgs.gov/fdsnws/event/1/query?eventid=nc20091971&format=geojson,,,,,reviewed,0,94,nc,20091971,",nc20091971,",",nc,",",focal-mechanism,nearby-cities,origin,phase-data,",34,0.01081,0.07,73,md,earthquake,"M 2.5 - 1 km SSW of Mammoth Lakes, California",167,Point,"[-118.978, 37.6363333, 6.372]",167
0,2.6,"1 km S of Mammoth Lakes, California",642603992860,1481962281870,,https://earthquake.usgs.gov/earthquakes/eventpage/nc157590,https://earthquake.usgs.gov/fdsnws/event/1/query?eventid=nc157590&format=geojson,,,,,reviewed,0,104,nc,157590,",nc157590,ci1058619,",",nc,ci,",",focal-mechanism,nearby-cities,origin,phase-data,",32,0.02342,0.07,64,md,earthquake,"M 2.6 - 1 km S of Mammoth Lakes, California",168,Point,"[-118.9713333, 37.6365, 5.479]",168
0,2.22,"5km ESE of Lytle Creek, CA",642597522390,1454629072300,,https://earthquake.usgs.gov/earthquakes/eventpage/ci1058615,https://earthquake.usgs.gov/fdsnws/event/1/query?eventid=ci1058615&format=geojson,,,,,reviewed,0,76,ci,1058615,",ci1058615,",",ci,",",origin,phase-data,",0,,0.087,41.5,mc,earthquake,"M 2.2 - 5km ESE of Lytle Creek, CA",169,Point,"[-117.454, 34.235, 14.106]",169
0,2.1,"3 km E of Alamo, California",642591023000,1481962231343,,https://earthquake.usgs.gov/earthquakes/eventpage/nc157583,https://earthquake.usgs.gov/fdsnws/event/1/query?eventid=nc157583&format=geojson,,,,,reviewed,0,68,nc,157583,",nc157583,",",nc,",",nearby-cities,origin,phase-data,",23,0.01532,0.12,72,md,earthquake,"M 2.1 - 3 km E of Alamo, California",170,Point,"[-121.9913333, 37.8561667, 2.116]",170
0,2.31,"17km E of Little Lake, CA",642579004920,1454632508720,,https://earthquake.usgs.gov/earthquakes/eventpage/ci1058608,https://earthquake.usgs.gov/fdsnws/event/1/query?eventid=ci1058608&format=geojson,,,,,reviewed,0,82,ci,1058608,",ci1058608,",",ci,",",origin,phase-data,",0,,0.092,164.3,mc,earthquake,"M 2.3 - 17km E of Little Lake, CA",171,Point,"[-117.718, 35.937, 3.516]",171
0,2.29,"10 km WSW of Ridgemark, California",642558488040,1481962135530,,https://earthquake.usgs.gov/earthquakes/eventpage/nc157568,https://earthquake.usgs.gov/fdsnws/event/1/query?eventid=nc157568&format=geojson,,,,,reviewed,0,81,nc,157568,",nc157568,",",nc,",",focal-mechanism,nearby-cities,origin,phase-data,",61,0.02432,0.1,42,md,earthquake,"M 2.3 - 10 km WSW of Ridgemark, California",172,Point,"[-121.4628333, 36.7621667, 8.244]",172
0,2.74,"16km S of Joshua Tree, CA",642556488990,1454632508150,,https://earthquake.usgs.gov/earthquakes/eventpage/ci1058604,https://earthquake.usgs.gov/fdsnws/event/1/query?eventid=ci1058604&format=geojson,,,,,reviewed,0,116,ci,1058604,",ci1058604,",",ci,",",origin,phase-data,",0,,0.093,43.4,mc,earthquake,"M 2.7 - 16km S of Joshua Tree, CA",173,Point,"[-116.3, 33.993, 3.843]",173
0,2.24,"10km N of Big Bear City, CA",642547051980,1454624329670,,https://earthquake.usgs.gov/earthquakes/eventpage/ci1058600,https://earthquake.usgs.gov/fdsnws/event/1/query?eventid=ci1058600&format=geojson,,,,,reviewed,0,77,ci,1058600,",ci1058600,",",ci,",",origin,phase-data,",0,,0.056,79.2,mc,earthquake,"M 2.2 - 10km N of Big Bear City, CA",174,Point,"[-116.859, 34.349, 4.035]",174
0,2.91,"22 km NW of Parkfield, California",642534169110,1481962086300,,https://earthquake.usgs.gov/earthquakes/eventpage/nc157672,https://earthquake.usgs.gov/fdsnws/event/1/query?eventid=nc157672&format=geojson,,,,,reviewed,0,130,nc,157672,",nc157672,ci1058595,",",nc,ci,",",focal-mechanism,nearby-cities,origin,phase-data,",55,0.02252,0.08,52,md,earthquake,"M 2.9 - 22 km NW of Parkfield, California",175,Point,"[-120.6081667, 36.0485, 3.461]",175
0,2.94,"2 km ESE of Mammoth Lakes, California",642504142740,1481962004280,,https://earthquake.usgs.gov/earthquakes/eventpage/nc157509,https://earthquake.usgs.gov/fdsnws/event/1/query?eventid=nc157509&format=geojson,,,,,reviewed,0,133,nc,157509,",nc157509,ci1058581,",",nc,ci,",",focal-mechanism,nearby-cities,origin,phase-data,",39,0.01982,0.05,65,md,earthquake,"M 2.9 - 2 km ESE of Mammoth Lakes, California",176,Point,"[-118.9423333, 37.6376667, 6.014]",176
0,2.17,"3 km S of San Juan Bautista, California",642479355370,1481961876110,,https://earthquake.usgs.gov/earthquakes/eventpage/nc157491,https://earthquake.usgs.gov/fdsnws/event/1/query?eventid=nc157491&format=geojson,,,,,reviewed,0,72,nc,157491,",nc157491,",",nc,",",focal-mechanism,nearby-cities,origin,phase-data,",55,0.02793,0.08,34,md,earthquake,"M 2.2 - 3 km S of San Juan Bautista, California",177,Point,"[-121.5323333, 36.814, 5.558]",177
0,2.48,"2 km ENE of Alamo, California",642465678430,1481961832300,,https://earthquake.usgs.gov/earthquakes/eventpage/nc157639,https://earthquake.usgs.gov/fdsnws/event/1/query?eventid=nc157639&format=geojson,,,,,reviewed,0,95,nc,157639,",nc157639,",",nc,",",nearby-cities,origin,phase-data,",17,0.008108,0.04,53,md,earthquake,"M 2.5 - 2 km ENE of Alamo, California",178,Point,"[-122.0058333, 37.8571667, 2.566]",178
0,2.43,"2 km NE of Alamo, California",642465651790,1481961826950,,https://earthquake.usgs.gov/earthquakes/eventpage/nc157484,https://earthquake.usgs.gov/fdsnws/event/1/query?eventid=nc157484&format=geojson,,,,,reviewed,0,91,nc,157484,",nc157484,",",nc,",",focal-mechanism,nearby-cities,origin,phase-data,",33,0.001802,0.14,63,md,earthquake,"M 2.4 - 2 km NE of Alamo, California",179,Point,"[-122.0075, 37.8643333, 4.536]",179
0,2.16,"4km NW of Boron, CA",642461264820,1454633173450,,https://earthquake.usgs.gov/earthquakes/eventpage/ci1058561,https://earthquake.usgs.gov/fdsnws/event/1/query?eventid=ci1058561&format=geojson,,,,,reviewed,0,72,ci,1058561,",ci1058561,",",ci,",",origin,phase-data,",0,,0.162,72.9,mc,quarry blast,"M 2.2 Quarry Blast - 4km NW of Boron, CA",180,Point,"[-117.68, 35.03, -0.913]",180
0,2.41,"16km NNE of Apple Valley, CA",642460392800,1454631149670,,https://earthquake.usgs.gov/earthquakes/eventpage/ci1058560,https://earthquake.usgs.gov/fdsnws/event/1/query?eventid=ci1058560&format=geojson,,,,,reviewed,0,89,ci,1058560,",ci1058560,",",ci,",",origin,phase-data,",0,,0.051,85.1,mc,quarry blast,"M 2.4 Quarry Blast - 16km NNE of Apple Valley, CA",181,Point,"[-117.12, 34.63, -1.009]",181
0,2.57,"10km ESE of Coso Junction, CA",642453713160,1454631846190,,https://earthquake.usgs.gov/earthquakes/eventpage/ci1058559,https://earthquake.usgs.gov/fdsnws/event/1/query?eventid=ci1058559&format=geojson,,,,,reviewed,0,102,ci,1058559,",ci1058559,",",ci,",",origin,phase-data,",0,,0.089,86.5,mc,earthquake,"M 2.6 - 10km ESE of Coso Junction, CA",182,Point,"[-117.84, 36.017, 0.431]",182
0,2.07,"31km ESE of Barstow, CA",642453634510,1454631845720,,https://earthquake.usgs.gov/earthquakes/eventpage/ci679856,https://earthquake.usgs.gov/fdsnws/event/1/query?eventid=ci679856&format=geojson,,,,,reviewed,0,66,ci,679856,",ci679856,",",ci,",",origin,phase-data,",0,,0.308,139.8,mc,quarry blast,"M 2.1 Quarry Blast - 31km ESE of Barstow, CA",183,Point,"[-116.7, 34.81, -0.859]",183
0,2.01,"3 km ESE of Mammoth Lakes, California",642449669890,1481961777610,,https://earthquake.usgs.gov/earthquakes/eventpage/nc157456,https://earthquake.usgs.gov/fdsnws/event/1/query?eventid=nc157456&format=geojson,,,,,reviewed,0,62,nc,157456,",nc157456,ci1058557,",",nc,ci,",",focal-mechanism,nearby-cities,origin,phase-data,",33,0.02432,0.13,69,md,earthquake,"M 2.0 - 3 km ESE of Mammoth Lakes, California",184,Point,"[-118.9398333, 37.6375, 5.255]",184
0,2.03,"9km N of Victorville, CA",642442372100,1454626349980,,https://earthquake.usgs.gov/earthquakes/eventpage/ci1058554,https://earthquake.usgs.gov/fdsnws/event/1/query?eventid=ci1058554&format=geojson,,,,,reviewed,0,63,ci,1058554,",ci1058554,",",ci,",",origin,phase-data,",0,,0.136,48.3,mc,quarry blast,"M 2.0 Quarry Blast - 9km N of Victorville, CA",185,Point,"[-117.3, 34.62, -0.996]",185
0,2.81,"24km E of Barstow, CA",642437099800,1454629070570,,https://earthquake.usgs.gov/earthquakes/eventpage/ci1058552,https://earthquake.usgs.gov/fdsnws/event/1/query?eventid=ci1058552&format=geojson,,,,,reviewed,0,121,ci,1058552,",ci1058552,",",ci,",",origin,phase-data,",0,,0.165,76.5,mc,earthquake,"M 2.8 - 24km E of Barstow, CA",186,Point,"[-116.766, 34.936, 0.765]",186
0,2.16,"6 km NW of Parkfield, California",642420270030,1481961590590,,https://earthquake.usgs.gov/earthquakes/eventpage/nc157415,https://earthquake.usgs.gov/fdsnws/event/1/query?eventid=nc157415&format=geojson,,,,,reviewed,0,72,nc,157415,",nc157415,ci1058534,",",nc,ci,",",focal-mechanism,nearby-cities,origin,phase-data,",38,0.02162,0.08,71,md,earthquake,"M 2.2 - 6 km NW of Parkfield, California",187,Point,"[-120.4883333, 35.9343333, 5.193]",187
0,2.38,"9 km ESE of Mammoth Lakes, California",642414556940,1481961536590,,https://earthquake.usgs.gov/earthquakes/eventpage/nc157409,https://earthquake.usgs.gov/fdsnws/event/1/query?eventid=nc157409&format=geojson,,,,,reviewed,0,87,nc,157409,",nc157409,ci1058533,",",nc,ci,",",focal-mechanism,nearby-cities,origin,phase-data,",37,0.01532,0.05,66,md,earthquake,"M 2.4 - 9 km ESE of Mammoth Lakes, California",188,Point,"[-118.8703333, 37.6243333, 3.992]",188
0,2.65,"3 km ESE of Mammoth Lakes, California",642394864880,1481961468990,,https://earthquake.usgs.gov/earthquakes/eventpage/nc157722,https://earthquake.usgs.gov/fdsnws/event/1/query?eventid=nc157722&format=geojson,,,,,reviewed,0,108,nc,157722,",nc157722,ci1058524,",",nc,ci,",",focal-mechanism,nearby-cities,origin,phase-data,",38,0.02523,0.05,68,md,earthquake,"M 2.7 - 3 km ESE of Mammoth Lakes, California",189,Point,"[-118.9321667, 37.6356667, 6.204]",189
0,2.24,"24km NE of Lamont, CA",642390600020,1454625700960,,https://earthquake.usgs.gov/earthquakes/eventpage/ci1058523,https://earthquake.usgs.gov/fdsnws/event/1/query?eventid=ci1058523&format=geojson,,,,,reviewed,0,77,ci,1058523,",ci1058523,",",ci,",",origin,phase-data,",0,,0.142,140.3,mc,earthquake,"M 2.2 - 24km NE of Lamont, CA",190,Point,"[-118.737, 35.424, 2.465]",190
0,2.11,"4km NW of Boron, CA",642376865140,1454623642740,,https://earthquake.usgs.gov/earthquakes/eventpage/ci1058519,https://earthquake.usgs.gov/fdsnws/event/1/query?eventid=ci1058519&format=geojson,,,,,reviewed,0,68,ci,1058519,",ci1058519,",",ci,",",origin,phase-data,",0,,0.092,137.5,mc,quarry blast,"M 2.1 Quarry Blast - 4km NW of Boron, CA",191,Point,"[-117.68, 35.03, -0.76]",191
0,2.52,"15 km E of Hidden Valley Lake, California",642376536620,1481961419719,,https://earthquake.usgs.gov/earthquakes/eventpage/nc1176497,https://earthquake.usgs.gov/fdsnws/event/1/query?eventid=nc1176497&format=geojson,,,,,reviewed,0,98,nc,1176497,",nc1176497,",",nc,",",nearby-cities,origin,phase-data,",9,0.05586,0.27,100,md,quarry blast,"M 2.5 Quarry Blast - 15 km E of Hidden Valley Lake, California",192,Point,"[-122.3815, 38.8263333, -0.436]",192
0,3.4,"15 km E of Seven Trees, California",642357828520,1481961373540,,https://earthquake.usgs.gov/earthquakes/eventpage/nc157462,https://earthquake.usgs.gov/fdsnws/event/1/query?eventid=nc157462&format=geojson,,,,,reviewed,0,178,nc,157462,",nc157462,usp000494r,",",nc,us,",",focal-mechanism,impact-text,nearby-cities,origin,phase-data,",103,0.02883,0.04,44,ml,earthquake,"M 3.4 - 15 km E of Seven Trees, California",193,Point,"[-121.664, 37.2853333, 5.713]",193
0,3.03,"6km SSE of Borrego Springs, CA",642349510410,1454625000990,,https://earthquake.usgs.gov/earthquakes/eventpage/ci1058505,https://earthquake.usgs.gov/fdsnws/event/1/query?eventid=ci1058505&format=geojson,,,,,reviewed,0,141,ci,1058505,",ci1058505,",",ci,",",origin,phase-data,",0,,0.09,27.7,ml,earthquake,"M 3.0 - 6km SSE of Borrego Springs, CA",194,Point,"[-116.351, 33.202, 11.816]",194
0,2.26,"23km E of Barstow, CA",642338378730,1454623642240,,https://earthquake.usgs.gov/earthquakes/eventpage/ci1058499,https://earthquake.usgs.gov/fdsnws/event/1/query?eventid=ci1058499&format=geojson,,,,,reviewed,0,79,ci,1058499,",ci1058499,",",ci,",",origin,phase-data,",0,,0.119,76.4,mc,earthquake,"M 2.3 - 23km E of Barstow, CA",195,Point,"[-116.771, 34.938, 1.215]",195
0,2.07,"23km E of Barstow, CA",642336817180,1454627016070,,https://earthquake.usgs.gov/earthquakes/eventpage/ci1058498,https://earthquake.usgs.gov/fdsnws/event/1/query?eventid=ci1058498&format=geojson,,,,,reviewed,0,66,ci,1058498,",ci1058498,",",ci,",",origin,phase-data,",0,,0.151,76.6,mc,earthquake,"M 2.1 - 23km E of Barstow, CA",196,Point,"[-116.771, 34.939, 1.425]",196
0,2.58,"2 km ESE of Mammoth Lakes, California",642325995780,1481961253740,,https://earthquake.usgs.gov/earthquakes/eventpage/nc157291,https://earthquake.usgs.gov/fdsnws/event/1/query?eventid=nc157291&format=geojson,,,,,reviewed,0,102,nc,157291,",nc157291,ci141701,",",nc,ci,",",focal-mechanism,nearby-cities,origin,phase-data,",37,0.02342,0.06,53,md,earthquake,"M 2.6 - 2 km ESE of Mammoth Lakes, California",197,Point,"[-118.9483333, 37.6393333, 5.3]",197
0,2.54,"9km S of Idyllwild, CA",642324216120,1454625000450,,https://earthquake.usgs.gov/earthquakes/eventpage/ci1058493,https://earthquake.usgs.gov/fdsnws/event/1/query?eventid=ci1058493&format=geojson,,,,,reviewed,0,99,ci,1058493,",ci1058493,",",ci,",",origin,phase-data,",0,,0.13,36.3,ml,earthquake,"M 2.5 - 9km S of Idyllwild, CA",198,Point,"[-116.721, 33.66, 14.037]",198
0,2.45,"25km NNW of Tehachapi, CA",642317025130,1454633861520,,https://earthquake.usgs.gov/earthquakes/eventpage/ci1058492,https://earthquake.usgs.gov/fdsnws/event/1/query?eventid=ci1058492&format=geojson,,,,,reviewed,0,92,ci,1058492,",ci1058492,",",ci,",",origin,phase-data,",0,,0.098,52.1,mc,earthquake,"M 2.5 - 25km NNW of Tehachapi, CA",199,Point,"[-118.56, 35.342, 6.987]",199
0,2.67,"25km NNW of Tehachapi, CA",642314215750,1454633170910,,https://earthquake.usgs.gov/earthquakes/eventpage/ci1058488,https://earthquake.usgs.gov/fdsnws/event/1/query?eventid=ci1058488&format=geojson,,,,,reviewed,0,110,ci,1058488,",ci1058488,",",ci,",",origin,phase-data,",0,,0.132,51.9,mc,earthquake,"M 2.7 - 25km NNW of Tehachapi, CA",200,Point,"[-118.559, 35.342, 5.787]",200
0,2.32,"25km NNW of Tehachapi, CA",642308482940,1454631843790,,https://earthquake.usgs.gov/earthquakes/eventpage/ci1058484,https://earthquake.usgs.gov/fdsnws/event/1/query?eventid=ci1058484&format=geojson,,,,,reviewed,0,83,ci,1058484,",ci1058484,",",ci,",",origin,phase-data,",0,,0.096,63.9,mc,earthquake,"M 2.3 - 25km NNW of Tehachapi, CA",201,Point,"[-118.565, 35.34, 6.017]",201
0,2.06,"2 km E of Mammoth Lakes, California",642293452900,1481961106520,,https://earthquake.usgs.gov/earthquakes/eventpage/nc157349,https://earthquake.usgs.gov/fdsnws/event/1/query?eventid=nc157349&format=geojson,,,,,reviewed,0,65,nc,157349,",nc157349,ci1058480,",",nc,ci,",",focal-mechanism,nearby-cities,origin,phase-data,",29,0.01441,0.07,51,md,earthquake,"M 2.1 - 2 km E of Mammoth Lakes, California",202,Point,"[-118.9393333, 37.6516667, 2.946]",202
0,2.3,"13 km ENE of Hidden Valley Lake, California",642290255800,1481961060537,,https://earthquake.usgs.gov/earthquakes/eventpage/nc1176445,https://earthquake.usgs.gov/fdsnws/event/1/query?eventid=nc1176445&format=geojson,,,,,reviewed,0,81,nc,1176445,",nc1176445,",",nc,",",nearby-cities,origin,phase-data,",8,0.04955,0.38,83,md,quarry blast,"M 2.3 Quarry Blast - 13 km ENE of Hidden Valley Lake, California",203,Point,"[-122.4165, 38.849, -0.554]",203
0,2.37,California-Nevada border region,642289917160,1481961050910,,https://earthquake.usgs.gov/earthquakes/eventpage/nc157638,https://earthquake.usgs.gov/fdsnws/event/1/query?eventid=nc157638&format=geojson,,,,,reviewed,0,86,nc,157638,",nc157638,ci1058474,",",nc,ci,",",focal-mechanism,nearby-cities,origin,phase-data,",32,0.01351,0.08,52,md,earthquake,M 2.4 - California-Nevada border region,204,Point,"[-118.9511667, 37.6758333, 1.786]",204
0,2.51,"1km WNW of Claremont, CA",642288563410,1454625699550,,https://earthquake.usgs.gov/earthquakes/eventpage/ci1058470,https://earthquake.usgs.gov/fdsnws/event/1/query?eventid=ci1058470&format=geojson,,,,,reviewed,0,97,ci,1058470,",ci1058470,",",ci,",",origin,phase-data,",0,,0.073,42.7,ml,earthquake,"M 2.5 - 1km WNW of Claremont, CA",205,Point,"[-117.728, 34.1, 3.212]",205
0,2.21,"3 km E of Mammoth Lakes, California",642285078580,1481961020690,,https://earthquake.usgs.gov/earthquakes/eventpage/nc157471,https://earthquake.usgs.gov/fdsnws/event/1/query?eventid=nc157471&format=geojson,,,,,reviewed,0,75,nc,157471,",nc157471,ci1058466,",",nc,ci,",",focal-mechanism,nearby-cities,origin,phase-data,",36,0.02072,0.07,57,md,earthquake,"M 2.2 - 3 km E of Mammoth Lakes, California",206,Point,"[-118.928, 37.6441667, 2.936]",206
0,2.07,"6 km SW of Ridgemark, California",642282155770,1481960992110,,https://earthquake.usgs.gov/earthquakes/eventpage/nc157464,https://earthquake.usgs.gov/fdsnws/event/1/query?eventid=nc157464&format=geojson,,,,,reviewed,0,66,nc,157464,",nc157464,",",nc,",",focal-mechanism,nearby-cities,origin,phase-data,",56,0.02162,0.14,36,md,earthquake,"M 2.1 - 6 km SW of Ridgemark, California",207,Point,"[-121.4126667, 36.7673333, 8.878]",207
0,2.05,"3 km ESE of Mammoth Lakes, California",642278013470,1481960962134,,https://earthquake.usgs.gov/earthquakes/eventpage/nc1176436,https://earthquake.usgs.gov/fdsnws/event/1/query?eventid=nc1176436&format=geojson,,,,,reviewed,0,65,nc,1176436,",nc1176436,ci1058454,",",nc,ci,",",nearby-cities,origin,phase-data,",20,0.02523,0.09,84,md,earthquake,"M 2.1 - 3 km ESE of Mammoth Lakes, California",208,Point,"[-118.9305, 37.6385, 3.052]",208
0,2.26,"1 km NE of Aromas, California",642246914130,1481960754310,,https://earthquake.usgs.gov/earthquakes/eventpage/nc158401,https://earthquake.usgs.gov/fdsnws/event/1/query?eventid=nc158401&format=geojson,,,,,reviewed,0,79,nc,158401,",nc158401,",",nc,",",focal-mechanism,nearby-cities,origin,phase-data,",72,0.03514,0.12,41,md,earthquake,"M 2.3 - 1 km NE of Aromas, California",209,Point,"[-121.6303333, 36.9005, 5.111]",209
0,2.05,California-Nevada border region,642241117850,1481960711330,,https://earthquake.usgs.gov/earthquakes/eventpage/nc158395,https://earthquake.usgs.gov/fdsnws/event/1/query?eventid=nc158395&format=geojson,,,,,reviewed,0,65,nc,158395,",nc158395,",",nc,",",focal-mechanism,nearby-cities,origin,phase-data,",37,0.02072,0.07,64,md,earthquake,M 2.1 - California-Nevada border region,210,Point,"[-118.9416667, 37.6395, 4.884]",210
0,2.52,"2 km ESE of Mammoth Lakes, California",642239887420,1481960667210,,https://earthquake.usgs.gov/earthquakes/eventpage/nc158352,https://earthquake.usgs.gov/fdsnws/event/1/query?eventid=nc158352&format=geojson,,,,,reviewed,0,98,nc,158352,",nc158352,ci1058433,",",nc,ci,",",focal-mechanism,nearby-cities,origin,phase-data,",30,0.02072,0.04,67,md,earthquake,"M 2.5 - 2 km ESE of Mammoth Lakes, California",211,Point,"[-118.941, 37.6378333, 5.284]",211
0,2.24,"14km WSW of Lake Hughes, CA",642234544010,1454632505270,,https://earthquake.usgs.gov/earthquakes/eventpage/ci1058432,https://earthquake.usgs.gov/fdsnws/event/1/query?eventid=ci1058432&format=geojson,,,,,reviewed,0,77,ci,1058432,",ci1058432,",",ci,",",origin,phase-data,",0,,0.081,87.4,mc,earthquake,"M 2.2 - 14km WSW of Lake Hughes, CA",212,Point,"[-118.589, 34.633, 9.908]",212
0,2.09,"2 km ESE of Mammoth Lakes, California",642225632770,1481960605060,,https://earthquake.usgs.gov/earthquakes/eventpage/nc158345,https://earthquake.usgs.gov/fdsnws/event/1/query?eventid=nc158345&format=geojson,,,,,reviewed,0,67,nc,158345,",nc158345,ci1058425,",",nc,ci,",",focal-mechanism,nearby-cities,origin,phase-data,",35,0.01892,0.07,64,md,earthquake,"M 2.1 - 2 km ESE of Mammoth Lakes, California",213,Point,"[-118.9436667, 37.637, 5.279]",213
0,2.84,"23 km NE of King City, California",642216224710,1481960538450,,https://earthquake.usgs.gov/earthquakes/eventpage/nc158408,https://earthquake.usgs.gov/fdsnws/event/1/query?eventid=nc158408&format=geojson,,,,,reviewed,0,124,nc,158408,",nc158408,ci1058423,usp0004929,",",nc,ci,us,",",focal-mechanism,nearby-cities,origin,phase-data,",63,0.02973,0.08,53,md,earthquake,"M 2.8 - 23 km NE of King City, California",214,Point,"[-120.9178333, 36.3443333, 4.092]",214
0,2.87,"16km SE of Olancha, CA",642211630870,1454627707520,,https://earthquake.usgs.gov/earthquakes/eventpage/ci1058420,https://earthquake.usgs.gov/fdsnws/event/1/query?eventid=ci1058420&format=geojson,,,,,reviewed,0,127,ci,1058420,",ci1058420,",",ci,",",origin,phase-data,",0,,0.089,160.2,ml,earthquake,"M 2.9 - 16km SE of Olancha, CA",215,Point,"[-117.874, 36.182, 3.961]",215
0,2.6,"8 km W of Volta, California",642209976890,1481960513710,,https://earthquake.usgs.gov/earthquakes/eventpage/nc158404,https://earthquake.usgs.gov/fdsnws/event/1/query?eventid=nc158404&format=geojson,,,,,reviewed,0,104,nc,158404,",nc158404,",",nc,",",focal-mechanism,nearby-cities,origin,phase-data,",76,0.08649,0.12,100,md,earthquake,"M 2.6 - 8 km W of Volta, California",216,Point,"[-121.0238333, 37.0896667, 3.046]",216
0,2.91,"1km SSE of Beatty, NV",642204421580,1454628403980,,https://earthquake.usgs.gov/earthquakes/eventpage/ci1058416,https://earthquake.usgs.gov/fdsnws/event/1/query?eventid=ci1058416&format=geojson,,,,,reviewed,0,130,ci,1058416,",ci1058416,",",ci,",",origin,phase-data,",0,,0.156,248.9,mc,quarry blast,"M 2.9 Quarry Blast - 1km SSE of Beatty, NV",217,Point,"[-116.75, 36.9, -1.513]",217
0,2.28,"19km ESE of Anza, CA",642197691310,1454624999000,,https://earthquake.usgs.gov/earthquakes/eventpage/ci1058412,https://earthquake.usgs.gov/fdsnws/event/1/query?eventid=ci1058412&format=geojson,,,,,reviewed,0,80,ci,1058412,",ci1058412,",",ci,",",origin,phase-data,",0,,0.206,101.4,mc,earthquake,"M 2.3 - 19km ESE of Anza, CA",218,Point,"[-116.481, 33.496, 14.432]",218
0,2.23,"45km NE of Holtville, CA",642193710090,1454627707140,,https://earthquake.usgs.gov/earthquakes/eventpage/ci1058409,https://earthquake.usgs.gov/fdsnws/event/1/query?eventid=ci1058409&format=geojson,,,,,reviewed,0,77,ci,1058409,",ci1058409,",",ci,",",origin,phase-data,",0,,0.074,101,mc,quarry blast,"M 2.2 Quarry Blast - 45km NE of Holtville, CA",219,Point,"[-115, 33.06, -0.213]",219
0,2.84,"8 km NNE of Day Valley, California",642191400330,1481960472080,,https://earthquake.usgs.gov/earthquakes/eventpage/nc158403,https://earthquake.usgs.gov/fdsnws/event/1/query?eventid=nc158403&format=geojson,,,,,reviewed,0,124,nc,158403,",nc158403,usp0004917,",",nc,us,",",focal-mechanism,nearby-cities,origin,phase-data,",93,0.01081,0.11,35,md,earthquake,"M 2.8 - 8 km NNE of Day Valley, California",220,Point,"[-121.8216667, 37.1075, 3.601]",220
0,2.2,"14 km W of Paskenta, California",642190924680,1481960462262,,https://earthquake.usgs.gov/earthquakes/eventpage/nc157259,https://earthquake.usgs.gov/fdsnws/event/1/query?eventid=nc157259&format=geojson,,,,,reviewed,0,74,nc,157259,",nc157259,",",nc,",",nearby-cities,origin,phase-data,",18,0.2432,0.27,90,md,earthquake,"M 2.2 - 14 km W of Paskenta, California",221,Point,"[-122.7143333, 39.8976667, -0.968]",221
0,2.02,California-Nevada border region,642185584830,1481960440890,,https://earthquake.usgs.gov/earthquakes/eventpage/nc157256,https://earthquake.usgs.gov/fdsnws/event/1/query?eventid=nc157256&format=geojson,,,,,reviewed,0,63,nc,157256,",nc157256,",",nc,",",focal-mechanism,nearby-cities,origin,phase-data,",28,0.01802,0.06,63,md,earthquake,M 2.0 - California-Nevada border region,222,Point,"[-118.9441667, 37.637, 5.643]",222
0,2.15,"21 km NE of Soledad, California",642184672170,1481960424880,,https://earthquake.usgs.gov/earthquakes/eventpage/nc157253,https://earthquake.usgs.gov/fdsnws/event/1/query?eventid=nc157253&format=geojson,,,,,reviewed,0,71,nc,157253,",nc157253,",",nc,",",focal-mechanism,nearby-cities,origin,phase-data,",30,0.01622,0.06,36,md,earthquake,"M 2.2 - 21 km NE of Soledad, California",223,Point,"[-121.1701667, 36.5765, 3.13]",223
0,2.02,"2 km ESE of Mammoth Lakes, California",642180034310,1481960398858,,https://earthquake.usgs.gov/earthquakes/eventpage/nc157402,https://earthquake.usgs.gov/fdsnws/event/1/query?eventid=nc157402&format=geojson,,,,,reviewed,0,63,nc,157402,",nc157402,",",nc,",",nearby-cities,origin,phase-data,",13,0.01802,0.02,60,md,earthquake,"M 2.0 - 2 km ESE of Mammoth Lakes, California",224,Point,"[-118.9471667, 37.641, 5.324]",224
0,2.48,"2 km ESE of Mammoth Lakes, California",642180011310,1615334321773,,https://earthquake.usgs.gov/earthquakes/eventpage/nc157250,https://earthquake.usgs.gov/fdsnws/event/1/query?eventid=nc157250&format=geojson,,,,,reviewed,0,95,nc,157250,",nc157250,ci1058390,",",nc,ci,",",associate,focal-mechanism,nearby-cities,origin,phase-data,",37,0.01982,0.07,66,md,earthquake,"M 2.5 - 2 km ESE of Mammoth Lakes, California",225,Point,"[-118.942, 37.6366667, 5.353]",225
0,2.15,"8 km W of Cobb, California",642177031800,1481960374420,,https://earthquake.usgs.gov/earthquakes/eventpage/nc157245,https://earthquake.usgs.gov/fdsnws/event/1/query?eventid=nc157245&format=geojson,,,,,reviewed,0,71,nc,157245,",nc157245,",",nc,",",nearby-cities,origin,phase-data,",20,0.03063,0.09,48,md,earthquake,"M 2.2 - 8 km W of Cobb, California",226,Point,"[-122.8216667, 38.8295, 0.639]",226
0,2.24,"1 km ENE of Aromas, California",642163033710,1481960298830,,https://earthquake.usgs.gov/earthquakes/eventpage/nc157119,https://earthquake.usgs.gov/fdsnws/event/1/query?eventid=nc157119&format=geojson,,,,,reviewed,0,77,nc,157119,",nc157119,",",nc,",",focal-mechanism,nearby-cities,origin,phase-data,",45,0.03063,0.08,51,md,earthquake,"M 2.2 - 1 km ENE of Aromas, California",227,Point,"[-121.6291667, 36.8925, 6.891]",227
0,2.23,"3 km ESE of Mammoth Lakes, California",642159103710,1481960266370,,https://earthquake.usgs.gov/earthquakes/eventpage/nc157114,https://earthquake.usgs.gov/fdsnws/event/1/query?eventid=nc157114&format=geojson,,,,,reviewed,0,77,nc,157114,",nc157114,",",nc,",",focal-mechanism,nearby-cities,origin,phase-data,",32,0.02613,0.05,71,md,earthquake,"M 2.2 - 3 km ESE of Mammoth Lakes, California",228,Point,"[-118.9366667, 37.6378333, 5.884]",228
0,2.07,"23km E of Barstow, CA",642148277510,1454625697740,,https://earthquake.usgs.gov/earthquakes/eventpage/ci1058380,https://earthquake.usgs.gov/fdsnws/event/1/query?eventid=ci1058380&format=geojson,,,,,reviewed,0,66,ci,1058380,",ci1058380,",",ci,",",origin,phase-data,",0,,0.144,76.1,mc,earthquake,"M 2.1 - 23km E of Barstow, CA",229,Point,"[-116.771, 34.936, 1.445]",229
0,2.41,"3 km ESE of Mammoth Lakes, California",642147475300,1481960192950,,https://earthquake.usgs.gov/earthquakes/eventpage/nc157355,https://earthquake.usgs.gov/fdsnws/event/1/query?eventid=nc157355&format=geojson,,,,,reviewed,0,89,nc,157355,",nc157355,ci1058379,",",nc,ci,",",focal-mechanism,nearby-cities,origin,phase-data,",36,0.02342,0.07,73,md,earthquake,"M 2.4 - 3 km ESE of Mammoth Lakes, California",230,Point,"[-118.9371667, 37.6348333, 5.464]",230
0,2.07,"1 km NW of Pleasant Hill, California",642140568920,1481960165500,,https://earthquake.usgs.gov/earthquakes/eventpage/nc157322,https://earthquake.usgs.gov/fdsnws/event/1/query?eventid=nc157322&format=geojson,,,,,reviewed,0,66,nc,157322,",nc157322,",",nc,",",focal-mechanism,nearby-cities,origin,phase-data,",50,0.04144,0.16,61,md,earthquake,"M 2.1 - 1 km NW of Pleasant Hill, California",231,Point,"[-122.0741667, 37.9561667, 10.121]",231
0,2.15,"3 km ESE of Mammoth Lakes, California",642136041340,1481960098520,,https://earthquake.usgs.gov/earthquakes/eventpage/nc157398,https://earthquake.usgs.gov/fdsnws/event/1/query?eventid=nc157398&format=geojson,,,,,reviewed,0,71,nc,157398,",nc157398,ci679702,",",nc,ci,",",nearby-cities,origin,phase-data,",24,0.02432,0.07,82,md,earthquake,"M 2.2 - 3 km ESE of Mammoth Lakes, California",232,Point,"[-118.9318333, 37.6323333, 4.84]",232
0,2.19,"3 km ESE of Mammoth Lakes, California",642135699890,1481960090002,,https://earthquake.usgs.gov/earthquakes/eventpage/nc157240,https://earthquake.usgs.gov/fdsnws/event/1/query?eventid=nc157240&format=geojson,,,,,reviewed,0,74,nc,157240,",nc157240,",",nc,",",nearby-cities,origin,phase-data,",21,0.02432,0.07,83,md,earthquake,"M 2.2 - 3 km ESE of Mammoth Lakes, California",233,Point,"[-118.9318333, 37.6328333, 4.78]",233
0,2.05,"1km ESE of Lucerne Valley, CA",642132950710,1454624325140,,https://earthquake.usgs.gov/earthquakes/eventpage/ci1058373,https://earthquake.usgs.gov/fdsnws/event/1/query?eventid=ci1058373&format=geojson,,,,,reviewed,0,65,ci,1058373,",ci1058373,",",ci,",",origin,phase-data,",0,,0.056,77.5,mc,earthquake,"M 2.1 - 1km ESE of Lucerne Valley, CA",234,Point,"[-116.954, 34.438, 3.571]",234
0,2.12,"2 km SSE of Mammoth Lakes, California",642130449450,1481960040987,,https://earthquake.usgs.gov/earthquakes/eventpage/nc1176318,https://earthquake.usgs.gov/fdsnws/event/1/query?eventid=nc1176318&format=geojson,,,,,reviewed,0,69,nc,1176318,",nc1176318,",",nc,",",nearby-cities,origin,phase-data,",8,0.01261,0.06,151,md,earthquake,"M 2.1 - 2 km SSE of Mammoth Lakes, California",235,Point,"[-118.9591667, 37.629, 1.294]",235
0,2.09,"3 km ESE of Mammoth Lakes, California",642130338600,1481960030820,,https://earthquake.usgs.gov/earthquakes/eventpage/nc158414,https://earthquake.usgs.gov/fdsnws/event/1/query?eventid=nc158414&format=geojson,,,,,reviewed,0,67,nc,158414,",nc158414,",",nc,",",focal-mechanism,nearby-cities,origin,phase-data,",33,0.02342,0.06,73,md,earthquake,"M 2.1 - 3 km ESE of Mammoth Lakes, California",236,Point,"[-118.9365, 37.6345, 5.674]",236
0,2.35,"4 km SE of North Gate, California",642114863800,1481959969050,,https://earthquake.usgs.gov/earthquakes/eventpage/nc157295,https://earthquake.usgs.gov/fdsnws/event/1/query?eventid=nc157295&format=geojson,,,,,reviewed,0,85,nc,157295,",nc157295,",",nc,",",focal-mechanism,nearby-cities,origin,phase-data,",47,0.03153,0.15,50,md,earthquake,"M 2.4 - 4 km SE of North Gate, California",237,Point,"[-121.9685, 37.8756667, 4.551]",237
0,2.04,"9km N of Cabazon, CA",642114113680,1454624324760,,https://earthquake.usgs.gov/earthquakes/eventpage/ci1058369,https://earthquake.usgs.gov/fdsnws/event/1/query?eventid=ci1058369&format=geojson,,,,,reviewed,0,64,ci,1058369,",ci1058369,",",ci,",",origin,phase-data,",0,,0.088,83.3,mc,earthquake,"M 2.0 - 9km N of Cabazon, CA",238,Point,"[-116.802, 33.997, 17.182]",238
0,2.08,"20km NE of Kernville, CA",642108952990,1454626346200,,https://earthquake.usgs.gov/earthquakes/eventpage/ci1058367,https://earthquake.usgs.gov/fdsnws/event/1/query?eventid=ci1058367&format=geojson,,,,,reviewed,0,67,ci,1058367,",ci1058367,",",ci,",",origin,phase-data,",0,,0.064,125.8,mc,earthquake,"M 2.1 - 20km NE of Kernville, CA",239,Point,"[-118.298, 35.906, 4.218]",239
0,3,"2 km WSW of Plumas Eureka (historical), California",642107962610,1481959927460,,https://earthquake.usgs.gov/earthquakes/eventpage/nc157225,https://earthquake.usgs.gov/fdsnws/event/1/query?eventid=nc157225&format=geojson,,,,,reviewed,0,138,nc,157225,",nc157225,usp00048zx,",",nc,us,",",focal-mechanism,nearby-cities,origin,phase-data,",29,0.4712,0.13,216,ml,earthquake,"M 3.0 - 2 km WSW of Plumas Eureka (historical), California",240,Point,"[-120.7361667, 39.7516667, 2.768]",240
0,2.44,"1km SE of Lucerne Valley, CA",642084123930,1454633167230,,https://earthquake.usgs.gov/earthquakes/eventpage/ci1058344,https://earthquake.usgs.gov/fdsnws/event/1/query?eventid=ci1058344&format=geojson,,,,,reviewed,0,92,ci,1058344,",ci1058344,",",ci,",",origin,phase-data,",0,,0.07,69.1,mc,earthquake,"M 2.4 - 1km SE of Lucerne Valley, CA",241,Point,"[-116.959, 34.434, 3.38]",241
0,2.22,"18km NNE of Indio, CA",642084057410,1454625697220,,https://earthquake.usgs.gov/earthquakes/eventpage/ci1058343,https://earthquake.usgs.gov/fdsnws/event/1/query?eventid=ci1058343&format=geojson,,,,,reviewed,0,76,ci,1058343,",ci1058343,",",ci,",",origin,phase-data,",0,,0.095,72.5,mc,earthquake,"M 2.2 - 18km NNE of Indio, CA",242,Point,"[-116.148, 33.875, 2.536]",242
0,2.2,"3 km ESE of Mammoth Lakes, California",642081797220,1481959704680,,https://earthquake.usgs.gov/earthquakes/eventpage/nc158191,https://earthquake.usgs.gov/fdsnws/event/1/query?eventid=nc158191&format=geojson,,,,,reviewed,0,74,nc,158191,",nc158191,ci1058341,",",nc,ci,",",focal-mechanism,nearby-cities,origin,phase-data,",34,0.02342,0.06,72,md,earthquake,"M 2.2 - 3 km ESE of Mammoth Lakes, California",243,Point,"[-118.938, 37.6376667, 6.184]",243
0,2.18,"4 km E of Mammoth Lakes, California",642080174180,1481959650087,,https://earthquake.usgs.gov/earthquakes/eventpage/nc1176258,https://earthquake.usgs.gov/fdsnws/event/1/query?eventid=nc1176258&format=geojson,,,,,reviewed,0,73,nc,1176258,",nc1176258,ci1058338,",",nc,ci,",",nearby-cities,origin,phase-data,",4,0.03964,0.01,212,md,earthquake,"M 2.2 - 4 km E of Mammoth Lakes, California",244,Point,"[-118.923, 37.652, 4.327]",244
0,2.51,"4 km ESE of Mammoth Lakes, California",642078018780,1481959571420,,https://earthquake.usgs.gov/earthquakes/eventpage/nc158383,https://earthquake.usgs.gov/fdsnws/event/1/query?eventid=nc158383&format=geojson,,,,,reviewed,0,97,nc,158383,",nc158383,ci1058335,",",nc,ci,",",focal-mechanism,nearby-cities,origin,phase-data,",35,0.02072,0.06,62,md,earthquake,"M 2.5 - 4 km ESE of Mammoth Lakes, California",245,Point,"[-118.9265, 37.6335, 5.884]",245
0,3.03,"4 km ESE of Mammoth Lakes, California",642077972500,1481959563500,,https://earthquake.usgs.gov/earthquakes/eventpage/nc158377,https://earthquake.usgs.gov/fdsnws/event/1/query?eventid=nc158377&format=geojson,,,,,reviewed,0,141,nc,158377,",nc158377,ci141690,usp00048zj,",",nc,ci,us,",",focal-mechanism,nearby-cities,origin,phase-data,",37,0.02342,0.07,64,md,earthquake,"M 3.0 - 4 km ESE of Mammoth Lakes, California",246,Point,"[-118.9295, 37.6355, 5.874]",246
0,3,"3 km ESE of Mammoth Lakes, California",642077840200,1481959554830,,https://earthquake.usgs.gov/earthquakes/eventpage/nc158184,https://earthquake.usgs.gov/fdsnws/event/1/query?eventid=nc158184&format=geojson,,,,,reviewed,0,138,nc,158184,",nc158184,",",nc,",",focal-mechanism,nearby-cities,origin,phase-data,",38,0.02432,0.06,65,md,earthquake,"M 3.0 - 3 km ESE of Mammoth Lakes, California",247,Point,"[-118.9306667, 37.6368333, 6.154]",247
0,2.68,"3 km ESE of Mammoth Lakes, California",642077254860,1481959488810,,https://earthquake.usgs.gov/earthquakes/eventpage/nc158178,https://earthquake.usgs.gov/fdsnws/event/1/query?eventid=nc158178&format=geojson,,,,,reviewed,0,110,nc,158178,",nc158178,ci1058333,",",nc,ci,",",focal-mechanism,nearby-cities,origin,phase-data,",37,0.02432,0.08,71,md,earthquake,"M 2.7 - 3 km ESE of Mammoth Lakes, California",248,Point,"[-118.9318333, 37.6325, 4.874]",248
0,2.46,"3 km ESE of Mammoth Lakes, California",642077104200,1481959481170,,https://earthquake.usgs.gov/earthquakes/eventpage/nc158325,https://earthquake.usgs.gov/fdsnws/event/1/query?eventid=nc158325&format=geojson,,,,,reviewed,0,93,nc,158325,",nc158325,",",nc,",",focal-mechanism,nearby-cities,origin,phase-data,",37,0.02432,0.05,65,md,earthquake,"M 2.5 - 3 km ESE of Mammoth Lakes, California",249,Point,"[-118.9305, 37.6366667, 4.604]",249
0,3.15,"3 km ESE of Mammoth Lakes, California",642076965140,1481959473590,,https://earthquake.usgs.gov/earthquakes/eventpage/nc158324,https://earthquake.usgs.gov/fdsnws/event/1/query?eventid=nc158324&format=geojson,,,,,reviewed,0,153,nc,158324,",nc158324,ci1058332,usp00048zf,",",nc,ci,us,",",focal-mechanism,nearby-cities,origin,phase-data,",38,0.02072,0.06,71,md,earthquake,"M 3.2 - 3 km ESE of Mammoth Lakes, California",250,Point,"[-118.9401667, 37.6358333, 5.713]",250
0,2.5,"4 km ESE of Mammoth Lakes, California",642076855080,1481959454880,,https://earthquake.usgs.gov/earthquakes/eventpage/nc158176,https://earthquake.usgs.gov/fdsnws/event/1/query?eventid=nc158176&format=geojson,,,,,reviewed,0,96,nc,158176,",nc158176,ci1058331,",",nc,ci,",",focal-mechanism,nearby-cities,origin,phase-data,",37,0.02252,0.07,64,md,earthquake,"M 2.5 - 4 km ESE of Mammoth Lakes, California",251,Point,"[-118.9285, 37.6343333, 4.964]",251
0,2.05,"3 km SE of Mammoth Lakes, California",642076048090,1481959412543,,https://earthquake.usgs.gov/earthquakes/eventpage/nc1176214,https://earthquake.usgs.gov/fdsnws/event/1/query?eventid=nc1176214&format=geojson,,,,,reviewed,0,65,nc,1176214,",nc1176214,",",nc,",",nearby-cities,origin,phase-data,",18,0.01712,0.05,111,md,earthquake,"M 2.1 - 3 km SE of Mammoth Lakes, California",252,Point,"[-118.9431667, 37.6298333, 5.704]",252
0,3.03,"3 km ESE of Mammoth Lakes, California",642075948410,1481959407590,,https://earthquake.usgs.gov/earthquakes/eventpage/nc1176213,https://earthquake.usgs.gov/fdsnws/event/1/query?eventid=nc1176213&format=geojson,,,,,reviewed,0,141,nc,1176213,",nc1176213,ci1058330,",",nc,ci,",",focal-mechanism,nearby-cities,origin,phase-data,",30,0.02523,0.08,71,md,earthquake,"M 3.0 - 3 km ESE of Mammoth Lakes, California",253,Point,"[-118.935, 37.6355, 5.694]",253
0,2.71,"3 km ESE of Mammoth Lakes, California",642075619160,1481959354032,,https://earthquake.usgs.gov/earthquakes/eventpage/nc1176207,https://earthquake.usgs.gov/fdsnws/event/1/query?eventid=nc1176207&format=geojson,,,,,reviewed,0,113,nc,1176207,",nc1176207,",",nc,",",nearby-cities,origin,phase-data,",14,0.02613,0.01,66,md,earthquake,"M 2.7 - 3 km ESE of Mammoth Lakes, California",254,Point,"[-118.9343333, 37.6406667, 4.764]",254
0,3.2,"3 km ESE of Mammoth Lakes, California",642073263530,1481959292850,,https://earthquake.usgs.gov/earthquakes/eventpage/nc20091217,https://earthquake.usgs.gov/fdsnws/event/1/query?eventid=nc20091217&format=geojson,,,,,reviewed,0,158,nc,20091217,",nc20091217,ci1058326,usp00048zb,",",nc,ci,us,",",focal-mechanism,nearby-cities,origin,phase-data,",38,0.02432,0.06,64,ml,earthquake,"M 3.2 - 3 km ESE of Mammoth Lakes, California",255,Point,"[-118.9301667, 37.6371667, 6.126]",255
0,3.01,"3 km ESE of Mammoth Lakes, California",642072949800,1481959270600,,https://earthquake.usgs.gov/earthquakes/eventpage/nc158173,https://earthquake.usgs.gov/fdsnws/event/1/query?eventid=nc158173&format=geojson,,,,,reviewed,0,139,nc,158173,",nc158173,ci1058325,usp00048za,",",nc,ci,us,",",focal-mechanism,nearby-cities,origin,phase-data,",35,0.02523,0.06,71,md,earthquake,"M 3.0 - 3 km ESE of Mammoth Lakes, California",256,Point,"[-118.935, 37.636, 6.174]",256
0,2.39,"4 km ESE of Mammoth Lakes, California",642070905970,1481959160300,,https://earthquake.usgs.gov/earthquakes/eventpage/nc157887,https://earthquake.usgs.gov/fdsnws/event/1/query?eventid=nc157887&format=geojson,,,,,reviewed,0,88,nc,157887,",nc157887,ci1058324,",",nc,ci,",",focal-mechanism,nearby-cities,origin,phase-data,",37,0.01802,0.06,52,md,earthquake,"M 2.4 - 4 km ESE of Mammoth Lakes, California",257,Point,"[-118.922, 37.6351667, 4.894]",257
0,2.44,"3 km ESE of Mammoth Lakes, California",642070339460,1481959123890,,https://earthquake.usgs.gov/earthquakes/eventpage/nc158021,https://earthquake.usgs.gov/fdsnws/event/1/query?eventid=nc158021&format=geojson,,,,,reviewed,0,92,nc,158021,",nc158021,",",nc,",",focal-mechanism,nearby-cities,origin,phase-data,",36,0.02523,0.09,68,md,earthquake,"M 2.4 - 3 km ESE of Mammoth Lakes, California",258,Point,"[-118.932, 37.6356667, 5.674]",258
0,2.25,"4 km ESE of Mammoth Lakes, California",642070270160,1481959115400,,https://earthquake.usgs.gov/earthquakes/eventpage/nc158020,https://earthquake.usgs.gov/fdsnws/event/1/query?eventid=nc158020&format=geojson,,,,,reviewed,0,78,nc,158020,",nc158020,ci141691,",",nc,ci,",",focal-mechanism,nearby-cities,origin,phase-data,",34,0.01802,0.06,52,md,earthquake,"M 2.3 - 4 km ESE of Mammoth Lakes, California",259,Point,"[-118.9216667, 37.6353333, 5.204]",259
0,2.91,"4 km ESE of Mammoth Lakes, California",642070202860,1481959107510,,https://earthquake.usgs.gov/earthquakes/eventpage/nc157886,https://earthquake.usgs.gov/fdsnws/event/1/query?eventid=nc157886&format=geojson,,,,,reviewed,0,130,nc,157886,",nc157886,ci1058323,",",nc,ci,",",focal-mechanism,nearby-cities,origin,phase-data,",37,0.02072,0.07,59,md,earthquake,"M 2.9 - 4 km ESE of Mammoth Lakes, California",260,Point,"[-118.9258333, 37.6353333, 5.204]",260
0,2.44,"7 km ENE of Mammoth Lakes, California",642069717750,1481959085541,,https://earthquake.usgs.gov/earthquakes/eventpage/nc1176153,https://earthquake.usgs.gov/fdsnws/event/1/query?eventid=nc1176153&format=geojson,,,,,reviewed,0,92,nc,1176153,",nc1176153,",",nc,",",nearby-cities,origin,phase-data,",6,0.03604,0.07,210,md,earthquake,"M 2.4 - 7 km ENE of Mammoth Lakes, California",261,Point,"[-118.894, 37.6658333, -1.939]",261
0,2.8,"9 km ENE of Mammoth Lakes, California",642069658650,1481959081594,,https://earthquake.usgs.gov/earthquakes/eventpage/nc1176152,https://earthquake.usgs.gov/fdsnws/event/1/query?eventid=nc1176152&format=geojson,,,,,reviewed,0,121,nc,1176152,",nc1176152,",",nc,",",nearby-cities,origin,phase-data,",6,0.05766,0.07,195,md,earthquake,"M 2.8 - 9 km ENE of Mammoth Lakes, California",262,Point,"[-118.8705, 37.684, -0.35]",262
0,2.58,"3 km ESE of Mammoth Lakes, California",642069581960,1481959076350,,https://earthquake.usgs.gov/earthquakes/eventpage/nc1176151,https://earthquake.usgs.gov/fdsnws/event/1/query?eventid=nc1176151&format=geojson,,,,,reviewed,0,102,nc,1176151,",nc1176151,ci1058321,",",nc,ci,",",focal-mechanism,nearby-cities,origin,phase-data,",32,0.02523,0.08,66,md,earthquake,"M 2.6 - 3 km ESE of Mammoth Lakes, California",263,Point,"[-118.9316667, 37.6368333, 4.624]",263
0,2.01,"4 km ESE of Mammoth Lakes, California",642069546720,1481959069197,,https://earthquake.usgs.gov/earthquakes/eventpage/nc1176150,https://earthquake.usgs.gov/fdsnws/event/1/query?eventid=nc1176150&format=geojson,,,,,reviewed,0,62,nc,1176150,",nc1176150,",",nc,",",nearby-cities,origin,phase-data,",16,0.01802,0.05,89,md,earthquake,"M 2.0 - 4 km ESE of Mammoth Lakes, California",264,Point,"[-118.9216667, 37.6353333, 5.935]",264
0,2.19,"4 km ESE of Mammoth Lakes, California",642069479910,1481959061604,,https://earthquake.usgs.gov/earthquakes/eventpage/nc1176148,https://earthquake.usgs.gov/fdsnws/event/1/query?eventid=nc1176148&format=geojson,,,,,reviewed,0,74,nc,1176148,",nc1176148,ci1058319,",",nc,ci,",",nearby-cities,origin,phase-data,",12,0.02613,0.05,105,md,earthquake,"M 2.2 - 4 km ESE of Mammoth Lakes, California",265,Point,"[-118.9285, 37.6356667, 6.125]",265
0,2.25,"4 km ESE of Mammoth Lakes, California",642069460520,1481959057673,,https://earthquake.usgs.gov/earthquakes/eventpage/nc1176147,https://earthquake.usgs.gov/fdsnws/event/1/query?eventid=nc1176147&format=geojson,,,,,reviewed,0,78,nc,1176147,",nc1176147,",",nc,",",nearby-cities,origin,phase-data,",14,0.02072,0.03,70,md,earthquake,"M 2.3 - 4 km ESE of Mammoth Lakes, California",266,Point,"[-118.9245, 37.6401667, 5.684]",266
0,2.35,"4 km ESE of Mammoth Lakes, California",642069416220,1481959053821,,https://earthquake.usgs.gov/earthquakes/eventpage/nc1176146,https://earthquake.usgs.gov/fdsnws/event/1/query?eventid=nc1176146&format=geojson,,,,,reviewed,0,85,nc,1176146,",nc1176146,",",nc,",",nearby-cities,origin,phase-data,",10,0.03063,0.01,147,md,earthquake,"M 2.4 - 4 km ESE of Mammoth Lakes, California",267,Point,"[-118.925, 37.638, 6.598]",267
0,2.54,"5 km E of Mammoth Lakes, California",642069396220,1481959050281,,https://earthquake.usgs.gov/earthquakes/eventpage/nc1176145,https://earthquake.usgs.gov/fdsnws/event/1/query?eventid=nc1176145&format=geojson,,,,,reviewed,0,99,nc,1176145,",nc1176145,",",nc,",",nearby-cities,origin,phase-data,",8,0.01081,0.05,131,md,earthquake,"M 2.5 - 5 km E of Mammoth Lakes, California",268,Point,"[-118.914, 37.646, 5.495]",268
0,2.27,"3 km ESE of Mammoth Lakes, California",642069043050,1481959029950,,https://earthquake.usgs.gov/earthquakes/eventpage/nc1176140,https://earthquake.usgs.gov/fdsnws/event/1/query?eventid=nc1176140&format=geojson,,,,,reviewed,0,79,nc,1176140,",nc1176140,",",nc,",",focal-mechanism,nearby-cities,origin,phase-data,",30,0.02342,0.06,64,md,earthquake,"M 2.3 - 3 km ESE of Mammoth Lakes, California",269,Point,"[-118.9298333, 37.6358333, 6.094]",269
0,2.26,"4 km ESE of Mammoth Lakes, California",642068977860,1481959023597,,https://earthquake.usgs.gov/earthquakes/eventpage/nc1176139,https://earthquake.usgs.gov/fdsnws/event/1/query?eventid=nc1176139&format=geojson,,,,,reviewed,0,79,nc,1176139,",nc1176139,",",nc,",",nearby-cities,origin,phase-data,",20,0.02342,0.06,79,md,earthquake,"M 2.3 - 4 km ESE of Mammoth Lakes, California",270,Point,"[-118.9301667, 37.6343333, 6.354]",270
0,3.07,"4 km ESE of Mammoth Lakes, California",642068765640,1481959010530,,https://earthquake.usgs.gov/earthquakes/eventpage/nc1176136,https://earthquake.usgs.gov/fdsnws/event/1/query?eventid=nc1176136&format=geojson,,,,,reviewed,0,145,nc,1176136,",nc1176136,ci1058318,",",nc,ci,",",focal-mechanism,nearby-cities,origin,phase-data,",33,0.02252,0.06,63,md,earthquake,"M 3.1 - 4 km ESE of Mammoth Lakes, California",271,Point,"[-118.9286667, 37.635, 5.784]",271
0,2.51,"3 km ESE of Mammoth Lakes, California",642068452660,1481958991790,,https://earthquake.usgs.gov/earthquakes/eventpage/nc1176132,https://earthquake.usgs.gov/fdsnws/event/1/query?eventid=nc1176132&format=geojson,,,,,reviewed,0,97,nc,1176132,",nc1176132,ci1058316,",",nc,ci,",",focal-mechanism,nearby-cities,origin,phase-data,",34,0.02613,0.07,71,md,earthquake,"M 2.5 - 3 km ESE of Mammoth Lakes, California",272,Point,"[-118.9335, 37.6351667, 5.714]",272
0,2.8,"3 km ESE of Mammoth Lakes, California",642068223940,1481958975710,,https://earthquake.usgs.gov/earthquakes/eventpage/nc1176129,https://earthquake.usgs.gov/fdsnws/event/1/query?eventid=nc1176129&format=geojson,,,,,reviewed,0,121,nc,1176129,",nc1176129,ci1058315,",",nc,ci,",",focal-mechanism,nearby-cities,origin,phase-data,",33,0.02613,0.08,73,md,earthquake,"M 2.8 - 3 km ESE of Mammoth Lakes, California",273,Point,"[-118.9343333, 37.6338333, 5.276]",273
0,3.11,"6km ESE of Mammoth Lakes, CA",642067214430,1454631840210,,https://earthquake.usgs.gov/earthquakes/eventpage/ci1058314,https://earthquake.usgs.gov/fdsnws/event/1/query?eventid=ci1058314&format=geojson,,,,,reviewed,0,149,ci,1058314,",ci1058314,",",ci,",",origin,phase-data,",0,,0.178,110.8,mc,earthquake,"M 3.1 - 6km ESE of Mammoth Lakes, CA",274,Point,"[-118.925, 37.61, 4.463]",274
0,4,"3 km E of Mammoth Lakes, California",642067194810,1481958907070,,https://earthquake.usgs.gov/earthquakes/eventpage/nc20091221,https://earthquake.usgs.gov/fdsnws/event/1/query?eventid=nc20091221&format=geojson,,,,,reviewed,0,246,nc,20091221,",nc20091221,",",nc,",",focal-mechanism,nearby-cities,origin,phase-data,",20,0.01982,0.08,55,md,earthquake,"M 4.0 - 3 km E of Mammoth Lakes, California",275,Point,"[-118.9348333, 37.647, 5.224]",275
0,3.3,"3 km ESE of Mammoth Lakes, California",642067021150,1481958890890,,https://earthquake.usgs.gov/earthquakes/eventpage/nc20091220,https://earthquake.usgs.gov/fdsnws/event/1/query?eventid=nc20091220&format=geojson,,,,,reviewed,0,168,nc,20091220,",nc20091220,ci1058313,",",nc,ci,",",focal-mechanism,nearby-cities,origin,phase-data,",33,0.02342,0.04,71,md,earthquake,"M 3.3 - 3 km ESE of Mammoth Lakes, California",276,Point,"[-118.9381667, 37.638, 6.554]",276
0,2.55,"3 km ESE of Mammoth Lakes, California",642065519050,1481958839490,,https://earthquake.usgs.gov/earthquakes/eventpage/nc157884,https://earthquake.usgs.gov/fdsnws/event/1/query?eventid=nc157884&format=geojson,,,,,reviewed,0,100,nc,157884,",nc157884,ci1058312,",",nc,ci,",",focal-mechanism,nearby-cities,origin,phase-data,",38,0.02342,0.06,73,md,earthquake,"M 2.6 - 3 km ESE of Mammoth Lakes, California",277,Point,"[-118.9375, 37.636, 5.963]",277
0,2.1,"4km NNW of Malibu, CA",642062327480,1454624324320,,https://earthquake.usgs.gov/earthquakes/eventpage/ci1058308,https://earthquake.usgs.gov/fdsnws/event/1/query?eventid=ci1058308&format=geojson,,,,,reviewed,0,68,ci,1058308,",ci1058308,",",ci,",",origin,phase-data,",0,,0.025,103.8,mh,earthquake,"M 2.1 - 4km NNW of Malibu, CA",278,Point,"[-118.82, 34.04, 8.118]",278
0,2.84,"3 km ESE of Mammoth Lakes, California",642062309490,1481958755940,,https://earthquake.usgs.gov/earthquakes/eventpage/nc157880,https://earthquake.usgs.gov/fdsnws/event/1/query?eventid=nc157880&format=geojson,,,,,reviewed,0,124,nc,157880,",nc157880,ci141687,",",nc,ci,",",focal-mechanism,nearby-cities,origin,phase-data,",38,0.02162,0.06,67,md,earthquake,"M 2.8 - 3 km ESE of Mammoth Lakes, California",279,Point,"[-118.9401667, 37.6386667, 5.814]",279
0,2.25,"2 km ESE of Mammoth Lakes, California",642060671080,1481958657100,,https://earthquake.usgs.gov/earthquakes/eventpage/nc157631,https://earthquake.usgs.gov/fdsnws/event/1/query?eventid=nc157631&format=geojson,,,,,reviewed,0,78,nc,157631,",nc157631,ci1058305,",",nc,ci,",",focal-mechanism,nearby-cities,origin,phase-data,",34,0.01982,0.06,63,md,earthquake,"M 2.3 - 2 km ESE of Mammoth Lakes, California",280,Point,"[-118.9426667, 37.639, 5.78]",280
0,2.1,"3 km ESE of Mammoth Lakes, California",642060638560,1481958648810,,https://earthquake.usgs.gov/earthquakes/eventpage/nc157444,https://earthquake.usgs.gov/fdsnws/event/1/query?eventid=nc157444&format=geojson,,,,,reviewed,0,68,nc,157444,",nc157444,ci141686,",",nc,ci,",",focal-mechanism,nearby-cities,origin,phase-data,",35,0.02252,0.05,73,md,earthquake,"M 2.1 - 3 km ESE of Mammoth Lakes, California",281,Point,"[-118.938, 37.6355, 5.963]",281
0,2.42,"5 km ESE of Interlaken, California",642060383520,1481958628170,,https://earthquake.usgs.gov/earthquakes/eventpage/nc157543,https://earthquake.usgs.gov/fdsnws/event/1/query?eventid=nc157543&format=geojson,,,,,reviewed,0,90,nc,157543,",nc157543,",",nc,",",focal-mechanism,nearby-cities,origin,phase-data,",67,0.01171,0.07,54,md,earthquake,"M 2.4 - 5 km ESE of Interlaken, California",282,Point,"[-121.6723333, 36.94, 7.601]",282
0,2.28,"2 km ESE of Mammoth Lakes, California",642060351060,1481958620969,,https://earthquake.usgs.gov/earthquakes/eventpage/nc157544,https://earthquake.usgs.gov/fdsnws/event/1/query?eventid=nc157544&format=geojson,,,,,reviewed,0,80,nc,157544,",nc157544,",",nc,",",nearby-cities,origin,phase-data,",20,0.02252,0.03,63,md,earthquake,"M 2.3 - 2 km ESE of Mammoth Lakes, California",283,Point,"[-118.9411667, 37.6423333, 5.824]",283
0,2.71,"2 km ESE of Mammoth Lakes, California",642060317690,1481958615360,,https://earthquake.usgs.gov/earthquakes/eventpage/nc157443,https://earthquake.usgs.gov/fdsnws/event/1/query?eventid=nc157443&format=geojson,,,,,reviewed,0,113,nc,157443,",nc157443,ci1058304,",",nc,ci,",",focal-mechanism,nearby-cities,origin,phase-data,",40,0.02072,0.07,66,md,earthquake,"M 2.7 - 2 km ESE of Mammoth Lakes, California",284,Point,"[-118.9415, 37.6376667, 5.584]",284
0,2.38,"3 km ESE of Mammoth Lakes, California",642060033300,1481958586960,,https://earthquake.usgs.gov/earthquakes/eventpage/nc157442,https://earthquake.usgs.gov/fdsnws/event/1/query?eventid=nc157442&format=geojson,,,,,reviewed,0,87,nc,157442,",nc157442,ci1058303,",",nc,ci,",",focal-mechanism,nearby-cities,origin,phase-data,",38,0.02162,0.06,69,md,earthquake,"M 2.4 - 3 km ESE of Mammoth Lakes, California",285,Point,"[-118.94, 37.6371667, 5.803]",285
0,2.31,"2 km ESE of Mammoth Lakes, California",642059335160,1481958545760,,https://earthquake.usgs.gov/earthquakes/eventpage/nc157441,https://earthquake.usgs.gov/fdsnws/event/1/query?eventid=nc157441&format=geojson,,,,,reviewed,0,82,nc,157441,",nc157441,ci1058300,",",nc,ci,",",focal-mechanism,nearby-cities,origin,phase-data,",36,0.01802,0.05,60,md,earthquake,"M 2.3 - 2 km ESE of Mammoth Lakes, California",286,Point,"[-118.9453333, 37.6386667, 5.37]",286
0,2.55,"3 km ESE of Mammoth Lakes, California",642058940920,1481958519260,,https://earthquake.usgs.gov/earthquakes/eventpage/nc157538,https://earthquake.usgs.gov/fdsnws/event/1/query?eventid=nc157538&format=geojson,,,,,reviewed,0,100,nc,157538,",nc157538,ci679643,",",nc,ci,",",focal-mechanism,nearby-cities,origin,phase-data,",28,0.02072,0.06,69,md,earthquake,"M 2.6 - 3 km ESE of Mammoth Lakes, California",287,Point,"[-118.9403333, 37.6368333, 5.803]",287
0,2.33,"2 km ESE of Mammoth Lakes, California",642058817780,1481958502780,,https://earthquake.usgs.gov/earthquakes/eventpage/nc157537,https://earthquake.usgs.gov/fdsnws/event/1/query?eventid=nc157537&format=geojson,,,,,reviewed,0,84,nc,157537,",nc157537,",",nc,",",focal-mechanism,nearby-cities,origin,phase-data,",28,0.01982,0.06,65,md,earthquake,"M 2.3 - 2 km ESE of Mammoth Lakes, California",288,Point,"[-118.9421667, 37.6378333, 5.754]",288
0,2.07,"1 km E of Mammoth Lakes, California",642058747030,1481958491804,,https://earthquake.usgs.gov/earthquakes/eventpage/nc157536,https://earthquake.usgs.gov/fdsnws/event/1/query?eventid=nc157536&format=geojson,,,,,reviewed,0,66,nc,157536,",nc157536,",",nc,",",nearby-cities,origin,phase-data,",17,0.02342,0.17,84,md,earthquake,"M 2.1 - 1 km E of Mammoth Lakes, California",289,Point,"[-118.955, 37.6463333, 4.673]",289
0,3.18,"3 km ESE of Mammoth Lakes, California",642058684050,1481958486190,,https://earthquake.usgs.gov/earthquakes/eventpage/nc157437,https://earthquake.usgs.gov/fdsnws/event/1/query?eventid=nc157437&format=geojson,,,,,reviewed,0,156,nc,157437,",nc157437,ci1058298,",",nc,ci,",",focal-mechanism,nearby-cities,origin,phase-data,",32,0.02162,0.05,70,md,earthquake,"M 3.2 - 3 km ESE of Mammoth Lakes, California",290,Point,"[-118.9393333, 37.637, 5.683]",290
0,2.17,"14 km S of Three Rocks, California",642046819850,1481958435430,,https://earthquake.usgs.gov/earthquakes/eventpage/nc157188,https://earthquake.usgs.gov/fdsnws/event/1/query?eventid=nc157188&format=geojson,,,,,reviewed,0,72,nc,157188,",nc157188,ci1058293,",",nc,ci,",",focal-mechanism,nearby-cities,origin,phase-data,",34,0.03423,0.09,100,md,earthquake,"M 2.2 - 14 km S of Three Rocks, California",291,Point,"[-120.3781667, 36.3695, 7.537]",291
0,2.32,"21km WNW of Fort Irwin, CA",642024275640,1454629065120,,https://earthquake.usgs.gov/earthquakes/eventpage/ci1058289,https://earthquake.usgs.gov/fdsnws/event/1/query?eventid=ci1058289&format=geojson,,,,,reviewed,0,83,ci,1058289,",ci1058289,",",ci,",",origin,phase-data,",0,,0.053,171.4,mc,earthquake,"M 2.3 - 21km WNW of Fort Irwin, CA",292,Point,"[-116.896, 35.337, 11.283]",292
0,2.32,"19km W of Westmorland, CA",642014856300,1454629064570,,https://earthquake.usgs.gov/earthquakes/eventpage/ci1058287,https://earthquake.usgs.gov/fdsnws/event/1/query?eventid=ci1058287&format=geojson,,,,,reviewed,0,83,ci,1058287,",ci1058287,",",ci,",",origin,phase-data,",0,,0.132,37.7,mc,earthquake,"M 2.3 - 19km W of Westmorland, CA",293,Point,"[-115.827, 33.022, 3.339]",293
0,2.23,"7km SE of Yucca Valley, CA",642011455730,1454631142960,,https://earthquake.usgs.gov/earthquakes/eventpage/ci1058285,https://earthquake.usgs.gov/fdsnws/event/1/query?eventid=ci1058285&format=geojson,,,,,reviewed,0,77,ci,1058285,",ci1058285,",",ci,",",origin,phase-data,",0,,0.151,53.7,mc,earthquake,"M 2.2 - 7km SE of Yucca Valley, CA",294,Point,"[-116.388, 34.064, 0.274]",294
0,2.01,"14 km SW of Aspen Springs, California",642011417630,1481958357940,,https://earthquake.usgs.gov/earthquakes/eventpage/nc157173,https://earthquake.usgs.gov/fdsnws/event/1/query?eventid=nc157173&format=geojson,,,,,reviewed,0,62,nc,157173,",nc157173,ci141684,",",nc,ci,",",focal-mechanism,nearby-cities,origin,phase-data,",37,0.07027,0.05,121,md,earthquake,"M 2.0 - 14 km SW of Aspen Springs, California",295,Point,"[-118.8371667, 37.4705, 4.517]",295
0,2.17,"1 km E of Alamo, California",642003896980,1481958332910,,https://earthquake.usgs.gov/earthquakes/eventpage/nc157093,https://earthquake.usgs.gov/fdsnws/event/1/query?eventid=nc157093&format=geojson,,,,,reviewed,0,72,nc,157093,",nc157093,",",nc,",",focal-mechanism,nearby-cities,origin,phase-data,",33,0.05225,0.05,51,md,earthquake,"M 2.2 - 1 km E of Alamo, California",296,Point,"[-122.0141667, 37.8516667, 6.556]",296
0,2.28,"1 km E of Alamo, California",642000430160,1481958316110,,https://earthquake.usgs.gov/earthquakes/eventpage/nc157170,https://earthquake.usgs.gov/fdsnws/event/1/query?eventid=nc157170&format=geojson,,,,,reviewed,0,80,nc,157170,",nc157170,",",nc,",",focal-mechanism,nearby-cities,origin,phase-data,",35,0.05315,0.07,52,md,earthquake,"M 2.3 - 1 km E of Alamo, California",297,Point,"[-122.0131667, 37.8523333, 7.206]",297
0,2.32,"1 km E of Alamo, California",642000116340,1481958303820,,https://earthquake.usgs.gov/earthquakes/eventpage/nc157169,https://earthquake.usgs.gov/fdsnws/event/1/query?eventid=nc157169&format=geojson,,,,,reviewed,0,83,nc,157169,",nc157169,",",nc,",",focal-mechanism,nearby-cities,origin,phase-data,",44,0.05315,0.07,52,md,earthquake,"M 2.3 - 1 km E of Alamo, California",298,Point,"[-122.0128333, 37.8516667, 7.136]",298
0,3.8,"10 km SSE of Beaver, Utah",641999504520,1535429196820,,https://earthquake.usgs.gov/earthquakes/eventpage/uu50049915,https://earthquake.usgs.gov/fdsnws/event/1/query?eventid=uu50049915&format=geojson,,,,,reviewed,0,222,uu,50049915,",usp00048y1,uu50049915,",",us,uu,",",origin,phase-data,",13,0.3131,0.21,128,md,earthquake,"M 3.8 - 10 km SSE of Beaver, Utah",299,Point,"[-112.6123333, 38.1816667, 9.03]",299
0,2.3,"12km ENE of Coso Junction, CA",641968400400,1454629063670,,https://earthquake.usgs.gov/earthquakes/eventpage/ci1058261,https://earthquake.usgs.gov/fdsnws/event/1/query?eventid=ci1058261&format=geojson,,,,,reviewed,0,81,ci,1058261,",ci1058261,",",ci,",",origin,phase-data,",0,,0.048,184.7,mc,earthquake,"M 2.3 - 12km ENE of Coso Junction, CA",300,Point,"[-117.837, 36.103, 5.221]",300
0,3.1,"2 km ENE of Alamo, California",641957821960,1481958167650,,https://earthquake.usgs.gov/earthquakes/eventpage/nc157178,https://earthquake.usgs.gov/fdsnws/event/1/query?eventid=nc157178&format=geojson,,,,,reviewed,0,148,nc,157178,",nc157178,usp00048xg,",",nc,us,",",focal-mechanism,impact-text,nearby-cities,origin,phase-data,",77,0.007207,0.08,40,ml,earthquake,"M 3.1 - 2 km ENE of Alamo, California",301,Point,"[-122.011, 37.8593333, 8.476]",301
0,2.75,"1 km ENE of Alamo, California",641955470460,1481958136330,,https://earthquake.usgs.gov/earthquakes/eventpage/nc157058,https://earthquake.usgs.gov/fdsnws/event/1/query?eventid=nc157058&format=geojson,,,,,reviewed,0,116,nc,157058,",nc157058,usp00048xe,",",nc,us,",",focal-mechanism,impact-text,nearby-cities,origin,phase-data,",65,0.01261,0.08,52,md,earthquake,"M 2.8 - 1 km ENE of Alamo, California",302,Point,"[-122.0116667, 37.8538333, 6.986]",302
0,2,"27km WSW of Olancha, CA",641951136300,1454631142560,,https://earthquake.usgs.gov/earthquakes/eventpage/ci1058254,https://earthquake.usgs.gov/fdsnws/event/1/query?eventid=ci1058254&format=geojson,,,,,reviewed,0,62,ci,1058254,",ci1058254,",",ci,",",origin,phase-data,",0,,0.043,261.5,mc,earthquake,"M 2.0 - 27km WSW of Olancha, CA",303,Point,"[-118.286, 36.203, 3.101]",303
0,2.24,"2 km SSW of Fulton, California",641942290260,1481958105410,,https://earthquake.usgs.gov/earthquakes/eventpage/nc157151,https://earthquake.usgs.gov/fdsnws/event/1/query?eventid=nc157151&format=geojson,,,,,reviewed,0,77,nc,157151,",nc157151,",",nc,",",focal-mechanism,nearby-cities,origin,phase-data,",34,0.08559,0.09,49,md,earthquake,"M 2.2 - 2 km SSW of Fulton, California",304,Point,"[-122.7833333, 38.4776667, 4.246]",304
0,2.04,"14 km ENE of East Foothills, California",641939285230,1481958082090,,https://earthquake.usgs.gov/earthquakes/eventpage/nc157057,https://earthquake.usgs.gov/fdsnws/event/1/query?eventid=nc157057&format=geojson,,,,,reviewed,0,64,nc,157057,",nc157057,",",nc,",",focal-mechanism,nearby-cities,origin,phase-data,",59,0.06126,0.05,38,md,earthquake,"M 2.0 - 14 km ENE of East Foothills, California",305,Point,"[-121.6641667, 37.4165, 4.53]",305
0,2,"4 km E of Lakeport, California",641933156250,1481958059903,,https://earthquake.usgs.gov/earthquakes/eventpage/nc1176017,https://earthquake.usgs.gov/fdsnws/event/1/query?eventid=nc1176017&format=geojson,,,,,reviewed,0,62,nc,1176017,",nc1176017,",",nc,",",nearby-cities,origin,phase-data,",4,0.08288,0,125,md,earthquake,"M 2.0 - 4 km E of Lakeport, California",306,Point,"[-122.8605, 39.0506667, 10.608]",306
0,2.98,"2 km NNE of Danville, California",641918756170,1481957995600,,https://earthquake.usgs.gov/earthquakes/eventpage/nc157055,https://earthquake.usgs.gov/fdsnws/event/1/query?eventid=nc157055&format=geojson,,,,,reviewed,0,137,nc,157055,",nc157055,usp00048wp,",",nc,us,",",focal-mechanism,nearby-cities,origin,phase-data,",68,0.06486,0.07,54,md,earthquake,"M 3.0 - 2 km NNE of Danville, California",307,Point,"[-121.9863333, 37.8386667, 7.752]",307
0,2.32,"1 km NE of Danville, California",641917955130,1481957978600,,https://earthquake.usgs.gov/earthquakes/eventpage/nc157053,https://earthquake.usgs.gov/fdsnws/event/1/query?eventid=nc157053&format=geojson,,,,,reviewed,0,83,nc,157053,",nc157053,",",nc,",",focal-mechanism,nearby-cities,origin,phase-data,",35,0.06126,0.07,54,md,earthquake,"M 2.3 - 1 km NE of Danville, California",308,Point,"[-121.9881667, 37.8325, 6.857]",308
0,2.58,Northern California,641917564810,1481957963930,,https://earthquake.usgs.gov/earthquakes/eventpage/nc157074,https://earthquake.usgs.gov/fdsnws/event/1/query?eventid=nc157074&format=geojson,,,,,reviewed,0,102,nc,157074,",nc157074,",",nc,",",focal-mechanism,nearby-cities,origin,phase-data,",48,0.06216,0.07,53,md,earthquake,M 2.6 - Northern California,309,Point,"[-121.9886667, 37.837, 7.606]",309
0,2.42,"1 km NNE of Danville, California",641917436030,1481957955510,,https://earthquake.usgs.gov/earthquakes/eventpage/nc157073,https://earthquake.usgs.gov/fdsnws/event/1/query?eventid=nc157073&format=geojson,,,,,reviewed,0,90,nc,157073,",nc157073,",",nc,",",focal-mechanism,nearby-cities,origin,phase-data,",56,0.06126,0.07,53,md,earthquake,"M 2.4 - 1 km NNE of Danville, California",310,Point,"[-121.989, 37.8348333, 7.406]",310
0,2.18,"4 km ESE of North Gate, California",641913921260,1481957930830,,https://earthquake.usgs.gov/earthquakes/eventpage/nc157071,https://earthquake.usgs.gov/fdsnws/event/1/query?eventid=nc157071&format=geojson,,,,,reviewed,0,73,nc,157071,",nc157071,",",nc,",",nearby-cities,origin,phase-data,",11,0.04595,0.07,119,md,earthquake,"M 2.2 - 4 km ESE of North Gate, California",311,Point,"[-121.9498333, 37.8826667, 4.454]",311
0,2.09,Northern California,641901577650,1481957862815,,https://earthquake.usgs.gov/earthquakes/eventpage/nc157129,https://earthquake.usgs.gov/fdsnws/event/1/query?eventid=nc157129&format=geojson,,,,,reviewed,0,67,nc,157129,",nc157129,",",nc,",",nearby-cities,origin,phase-data,",28,0.06757,0.08,99,md,earthquake,M 2.1 - Northern California,312,Point,"[-121.9726667, 37.87, 5.742]",312
0,2.21,"1 km W of Diablo, California",641899242440,1481957854140,,https://earthquake.usgs.gov/earthquakes/eventpage/nc157123,https://earthquake.usgs.gov/fdsnws/event/1/query?eventid=nc157123&format=geojson,,,,,reviewed,0,75,nc,157123,",nc157123,",",nc,",",nearby-cities,origin,phase-data,",9,0.03874,0.04,163,md,earthquake,"M 2.2 - 1 km W of Diablo, California",313,Point,"[-121.9805, 37.8326667, 5.283]",313
0,2.04,"1 km NNE of Danville, California",641899218090,1481957849655,,https://earthquake.usgs.gov/earthquakes/eventpage/nc157026,https://earthquake.usgs.gov/fdsnws/event/1/query?eventid=nc157026&format=geojson,,,,,reviewed,0,64,nc,157026,",nc157026,",",nc,",",nearby-cities,origin,phase-data,",22,0.03153,0.06,64,md,earthquake,"M 2.0 - 1 km NNE of Danville, California",314,Point,"[-121.994, 37.8358333, 6.306]",314
0,2.21,"21km ESE of Anza, CA",641895015540,1454624323290,,https://earthquake.usgs.gov/earthquakes/eventpage/ci1058227,https://earthquake.usgs.gov/fdsnws/event/1/query?eventid=ci1058227&format=geojson,,,,,reviewed,0,75,ci,1058227,",ci1058227,",",ci,",",origin,phase-data,",0,,0.131,49.4,mc,earthquake,"M 2.2 - 21km ESE of Anza, CA",315,Point,"[-116.456, 33.511, 10.452]",315
0,2.31,"11km N of Piru, CA",641892836760,1454630453170,,https://earthquake.usgs.gov/earthquakes/eventpage/ci1058226,https://earthquake.usgs.gov/fdsnws/event/1/query?eventid=ci1058226&format=geojson,,,,,reviewed,0,82,ci,1058226,",ci1058226,",",ci,",",origin,phase-data,",0,,0.087,53.8,mc,earthquake,"M 2.3 - 11km N of Piru, CA",316,Point,"[-118.797, 34.514, 11.119]",316
0,2.09,"1km NNE of Claremont, CA",641891550140,1454631838250,,https://earthquake.usgs.gov/earthquakes/eventpage/ci1058224,https://earthquake.usgs.gov/fdsnws/event/1/query?eventid=ci1058224&format=geojson,,,,,reviewed,0,67,ci,1058224,",ci1058224,",",ci,",",origin,phase-data,",0,,0.088,63.8,mc,earthquake,"M 2.1 - 1km NNE of Claremont, CA",317,Point,"[-117.716, 34.109, 2.922]",317
0,2.69,"8 km N of Coalinga, California",641891015860,1481957810030,,https://earthquake.usgs.gov/earthquakes/eventpage/nc157049,https://earthquake.usgs.gov/fdsnws/event/1/query?eventid=nc157049&format=geojson,,,,,reviewed,0,111,nc,157049,",nc157049,ci1058223,",",nc,ci,",",focal-mechanism,nearby-cities,origin,phase-data,",48,0.03784,0.1,52,md,earthquake,"M 2.7 - 8 km N of Coalinga, California",318,Point,"[-120.364, 36.2153333, 11.591]",318
0,2.65,"6 km S of Sunol, California",641883948580,1481957779690,,https://earthquake.usgs.gov/earthquakes/eventpage/nc157048,https://earthquake.usgs.gov/fdsnws/event/1/query?eventid=nc157048&format=geojson,,,,,reviewed,0,108,nc,157048,",nc157048,",",nc,",",focal-mechanism,nearby-cities,origin,phase-data,",80,0.02252,0.21,17,md,earthquake,"M 2.7 - 6 km S of Sunol, California",319,Point,"[-121.8958333, 37.5335, 7.183]",319
0,2.38,"6 km ESE of Roseland, California",641881404090,1481957763690,,https://earthquake.usgs.gov/earthquakes/eventpage/nc157122,https://earthquake.usgs.gov/fdsnws/event/1/query?eventid=nc157122&format=geojson,,,,,reviewed,0,87,nc,157122,",nc157122,",",nc,",",focal-mechanism,nearby-cities,origin,phase-data,",44,0.00991,0.12,53,md,earthquake,"M 2.4 - 6 km ESE of Roseland, California",320,Point,"[-122.66, 38.3985, 9.281]",320
0,2.37,"3 km NNW of Diablo, California",641858754380,1481957728648,,https://earthquake.usgs.gov/earthquakes/eventpage/nc157011,https://earthquake.usgs.gov/fdsnws/event/1/query?eventid=nc157011&format=geojson,,,,,reviewed,0,86,nc,157011,",nc157011,",",nc,",",nearby-cities,origin,phase-data,",13,0.03243,0.12,102,md,earthquake,"M 2.4 - 3 km NNW of Diablo, California",321,Point,"[-121.9651667, 37.8616667, -0.214]",321
0,2.54,"14 km E of Hidden Valley Lake, California",641858347930,1481957724214,,https://earthquake.usgs.gov/earthquakes/eventpage/nc157010,https://earthquake.usgs.gov/fdsnws/event/1/query?eventid=nc157010&format=geojson,,,,,reviewed,0,99,nc,157010,",nc157010,",",nc,",",nearby-cities,origin,phase-data,",8,0.05225,0.03,104,md,quarry blast,"M 2.5 Quarry Blast - 14 km E of Hidden Valley Lake, California",322,Point,"[-122.3906667, 38.8325, -0.436]",322
0,2.87,"7km NE of Moreno Valley, CA",641841513860,1454627703750,,https://earthquake.usgs.gov/earthquakes/eventpage/ci679563,https://earthquake.usgs.gov/fdsnws/event/1/query?eventid=ci679563&format=geojson,,,,,reviewed,0,127,ci,679563,",ci679563,",",ci,",",origin,phase-data,",0,,0.096,37.9,ml,earthquake,"M 2.9 - 7km NE of Moreno Valley, CA",323,Point,"[-117.185, 33.973, 14.907]",323
0,2.82,"4 km ENE of Alamo, California",641819213800,1481957635380,,https://earthquake.usgs.gov/earthquakes/eventpage/nc1175975,https://earthquake.usgs.gov/fdsnws/event/1/query?eventid=nc1175975&format=geojson,,,,,reviewed,0,122,nc,1175975,",nc1175975,",",nc,",",focal-mechanism,nearby-cities,origin,phase-data,",49,0.07568,0.09,57,md,earthquake,"M 2.8 - 4 km ENE of Alamo, California",324,Point,"[-121.9911667, 37.8665, 5.974]",324
0,2.2,"10km SSE of Twentynine Palms, CA",641808807130,1454633165420,,https://earthquake.usgs.gov/earthquakes/eventpage/ci1058128,https://earthquake.usgs.gov/fdsnws/event/1/query?eventid=ci1058128&format=geojson,,,,,reviewed,0,74,ci,1058128,",ci1058128,",",ci,",",origin,phase-data,",0,,0.034,113.7,mc,earthquake,"M 2.2 - 10km SSE of Twentynine Palms, CA",325,Point,"[-116.042, 34.047, 0.425]",325
0,2.57,"7km NW of Big Bear City, CA",641787796560,1454625692740,,https://earthquake.usgs.gov/earthquakes/eventpage/ci1058117,https://earthquake.usgs.gov/fdsnws/event/1/query?eventid=ci1058117&format=geojson,,,,,reviewed,0,102,ci,1058117,",ci1058117,",",ci,",",origin,phase-data,",0,,0.079,57.9,mc,earthquake,"M 2.6 - 7km NW of Big Bear City, CA",326,Point,"[-116.897, 34.312, 8.803]",326
0,2.27,"3 km ENE of Alamo, California",641779821550,1481957567350,,https://earthquake.usgs.gov/earthquakes/eventpage/nc157041,https://earthquake.usgs.gov/fdsnws/event/1/query?eventid=nc157041&format=geojson,,,,,reviewed,0,79,nc,157041,",nc157041,",",nc,",",focal-mechanism,nearby-cities,origin,phase-data,",31,0.06847,0.07,55,md,earthquake,"M 2.3 - 3 km ENE of Alamo, California",327,Point,"[-121.9978333, 37.8616667, 6.056]",327
0,2.07,"1km N of Claremont, CA",641777749480,1454627703190,,https://earthquake.usgs.gov/earthquakes/eventpage/ci1058114,https://earthquake.usgs.gov/fdsnws/event/1/query?eventid=ci1058114&format=geojson,,,,,reviewed,0,66,ci,1058114,",ci1058114,",",ci,",",origin,phase-data,",0,,0.073,95.3,mc,earthquake,"M 2.1 - 1km N of Claremont, CA",328,Point,"[-117.719, 34.106, 3.173]",328
0,2.77,"8km ESE of Lompoc, CA",641773542450,1454624321490,,https://earthquake.usgs.gov/earthquakes/eventpage/ci1058113,https://earthquake.usgs.gov/fdsnws/event/1/query?eventid=ci1058113&format=geojson,,,,,reviewed,0,118,ci,1058113,",usp00048tw,ci1058113,",",us,ci,",",origin,phase-data,",0,,0.089,125,mc,earthquake,"M 2.8 - 8km ESE of Lompoc, CA",329,Point,"[-120.371, 34.611, 5.087]",329
0,2.43,"14 km ENE of Hidden Valley Lake, California",641771978680,1481957552883,,https://earthquake.usgs.gov/earthquakes/eventpage/nc1175963,https://earthquake.usgs.gov/fdsnws/event/1/query?eventid=nc1175963&format=geojson,,,,,reviewed,0,91,nc,1175963,",nc1175963,",",nc,",",nearby-cities,origin,phase-data,",6,0.05315,0.08,177,md,quarry blast,"M 2.4 Quarry Blast - 14 km ENE of Hidden Valley Lake, California",330,Point,"[-122.3991667, 38.8425, -0.434]",330
0,2.8,"11 km S of Beaver, Utah",641765989350,1535429188870,,https://earthquake.usgs.gov/earthquakes/eventpage/uu50049850,https://earthquake.usgs.gov/fdsnws/event/1/query?eventid=uu50049850&format=geojson,,,,,reviewed,0,121,uu,50049850,",usp00048tq,uu50049850,",",us,uu,",",impact-text,origin,phase-data,",7,0.3092,0.24,170,md,earthquake,"M 2.8 - 11 km S of Beaver, Utah",331,Point,"[-112.6148333, 38.1728333, 9.22]",331
0,2.11,"12km NNE of Running Springs, CA",641719377890,1454633163450,,https://earthquake.usgs.gov/earthquakes/eventpage/ci1058097,https://earthquake.usgs.gov/fdsnws/event/1/query?eventid=ci1058097&format=geojson,,,,,reviewed,0,68,ci,1058097,",ci1058097,",",ci,",",origin,phase-data,",0,,0.092,47.2,mc,earthquake,"M 2.1 - 12km NNE of Running Springs, CA",332,Point,"[-117.058, 34.308, 3.507]",332
0,2.01,"4km NW of Boron, CA",641685746830,1454623636530,,https://earthquake.usgs.gov/earthquakes/eventpage/ci1058074,https://earthquake.usgs.gov/fdsnws/event/1/query?eventid=ci1058074&format=geojson,,,,,reviewed,0,62,ci,1058074,",ci1058074,",",ci,",",origin,phase-data,",0,,0.368,71.9,mc,quarry blast,"M 2.0 Quarry Blast - 4km NW of Boron, CA",333,Point,"[-117.68, 35.03, -0.89]",333
0,3.04,"53km S of Santa Rosa Is., CA",641682840710,1454623636100,,https://earthquake.usgs.gov/earthquakes/eventpage/ci1058070,https://earthquake.usgs.gov/fdsnws/event/1/query?eventid=ci1058070&format=geojson,,,,,reviewed,0,142,ci,1058070,",ci1058070,",",ci,",",origin,phase-data,",0,,0.475,233.5,mc,earthquake,"M 3.0 - 53km S of Santa Rosa Is., CA",334,Point,"[-120.208, 33.476, 5.685]",334
0,2.04,"12km SW of Salton City, CA",641681295570,1454623635670,,https://earthquake.usgs.gov/earthquakes/eventpage/ci1058069,https://earthquake.usgs.gov/fdsnws/event/1/query?eventid=ci1058069&format=geojson,,,,,reviewed,0,64,ci,1058069,",ci1058069,",",ci,",",origin,phase-data,",0,,0.129,82.9,mc,earthquake,"M 2.0 - 12km SW of Salton City, CA",335,Point,"[-116.044, 33.223, 4.175]",335
0,3.06,"2km WNW of Huntington Beach, CA",641672700280,1454633162870,,https://earthquake.usgs.gov/earthquakes/eventpage/ci1058065,https://earthquake.usgs.gov/fdsnws/event/1/query?eventid=ci1058065&format=geojson,,,,,reviewed,0,144,ci,1058065,",ci1058065,",",ci,",",origin,phase-data,",0,,0.32,132.5,ml,earthquake,"M 3.1 - 2km WNW of Huntington Beach, CA",336,Point,"[-118.015, 33.699, 14.751]",336
0,2.54,"2km SSW of Huntington Beach, CA",641672253530,1454632498730,,https://earthquake.usgs.gov/earthquakes/eventpage/ci1058064,https://earthquake.usgs.gov/fdsnws/event/1/query?eventid=ci1058064&format=geojson,,,,,reviewed,0,99,ci,1058064,",ci1058064,",",ci,",",origin,phase-data,",0,,0.221,116.5,ml,earthquake,"M 2.5 - 2km SSW of Huntington Beach, CA",337,Point,"[-118.01, 33.679, 14.476]",337
0,2.18,"21km ESE of Anza, CA",641648103690,1454624319100,,https://earthquake.usgs.gov/earthquakes/eventpage/ci679456,https://earthquake.usgs.gov/fdsnws/event/1/query?eventid=ci679456&format=geojson,,,,,reviewed,0,73,ci,679456,",ci679456,",",ci,",",origin,phase-data,",0,,0.154,41.6,mc,earthquake,"M 2.2 - 21km ESE of Anza, CA",338,Point,"[-116.454, 33.501, 8.662]",338
0,2.07,"1km N of Claremont, CA",641628107910,1454623634740,,https://earthquake.usgs.gov/earthquakes/eventpage/ci679453,https://earthquake.usgs.gov/fdsnws/event/1/query?eventid=ci679453&format=geojson,,,,,reviewed,0,66,ci,679453,",ci679453,",",ci,",",origin,phase-data,",0,,0.081,45.2,mc,earthquake,"M 2.1 - 1km N of Claremont, CA",339,Point,"[-117.721, 34.105, 3.672]",339
0,2.59,"1 km ENE of Alamo, California",641615035990,1481957098500,,https://earthquake.usgs.gov/earthquakes/eventpage/nc157007,https://earthquake.usgs.gov/fdsnws/event/1/query?eventid=nc157007&format=geojson,,,,,reviewed,0,103,nc,157007,",nc157007,",",nc,",",focal-mechanism,nearby-cities,origin,phase-data,",38,0.05315,0.08,53,md,earthquake,"M 2.6 - 1 km ENE of Alamo, California",340,Point,"[-122.0178333, 37.8556667, 6.026]",340
0,2.92,"1 km ENE of Alamo, California",641614614580,1481957090460,,https://earthquake.usgs.gov/earthquakes/eventpage/nc157006,https://earthquake.usgs.gov/fdsnws/event/1/query?eventid=nc157006&format=geojson,,,,,reviewed,0,131,nc,157006,",nc157006,",",nc,",",focal-mechanism,nearby-cities,origin,phase-data,",50,0.05315,0.08,52,md,earthquake,"M 2.9 - 1 km ENE of Alamo, California",341,Point,"[-122.0178333, 37.8555, 6.106]",341
0,2.19,"5 km SW of Whitehawk, California",641614045620,1481957083696,,https://earthquake.usgs.gov/earthquakes/eventpage/nc1175907,https://earthquake.usgs.gov/fdsnws/event/1/query?eventid=nc1175907&format=geojson,,,,,reviewed,0,74,nc,1175907,",nc1175907,",",nc,",",nearby-cities,origin,phase-data,",4,0.5261,0.02,314,md,earthquake,"M 2.2 - 5 km SW of Whitehawk, California",342,Point,"[-120.6046667, 39.6876667, 6.47]",342
0,2.22,"1 km ENE of Alamo, California",641613689100,1481957071560,,https://earthquake.usgs.gov/earthquakes/eventpage/nc156909,https://earthquake.usgs.gov/fdsnws/event/1/query?eventid=nc156909&format=geojson,,,,,reviewed,0,76,nc,156909,",nc156909,",",nc,",",nearby-cities,origin,phase-data,",31,0.05225,0.09,53,md,earthquake,"M 2.2 - 1 km ENE of Alamo, California",343,Point,"[-122.0193333, 37.8556667, 5.936]",343
0,2.32,"2km NW of Huntington Beach, CA",641599636430,1454631140790,,https://earthquake.usgs.gov/earthquakes/eventpage/ci679438,https://earthquake.usgs.gov/fdsnws/event/1/query?eventid=ci679438&format=geojson,,,,,reviewed,0,83,ci,679438,",ci679438,",",ci,",",origin,phase-data,",0,,0.308,131.6,mc,earthquake,"M 2.3 - 2km NW of Huntington Beach, CA",344,Point,"[-118.01, 33.704, 12.754]",344
0,2.03,"4km NW of Boron, CA",641597232720,1454629757510,,https://earthquake.usgs.gov/earthquakes/eventpage/ci1058018,https://earthquake.usgs.gov/fdsnws/event/1/query?eventid=ci1058018&format=geojson,,,,,reviewed,0,63,ci,1058018,",ci1058018,",",ci,",",origin,phase-data,",0,,0.073,130.4,mc,quarry blast,"M 2.0 Quarry Blast - 4km NW of Boron, CA",345,Point,"[-117.68, 35.03, -0.76]",345
0,2.05,"7 km ESE of Prunedale, California",641596197380,1481957027676,,https://earthquake.usgs.gov/earthquakes/eventpage/nc156904,https://earthquake.usgs.gov/fdsnws/event/1/query?eventid=nc156904&format=geojson,,,,,reviewed,0,65,nc,156904,",nc156904,",",nc,",",nearby-cities,origin,phase-data,",66,0.04865,0.12,56,md,quarry blast,"M 2.1 Quarry Blast - 7 km ESE of Prunedale, California",346,Point,"[-121.592, 36.7513333, -0.309]",346
0,2.37,"13 km NNE of Brooktrails, California",641594959450,1481957009170,,https://earthquake.usgs.gov/earthquakes/eventpage/nc156901,https://earthquake.usgs.gov/fdsnws/event/1/query?eventid=nc156901&format=geojson,,,,,reviewed,0,86,nc,156901,",nc156901,",",nc,",",focal-mechanism,nearby-cities,origin,phase-data,",23,0.0955,0.06,60,md,earthquake,"M 2.4 - 13 km NNE of Brooktrails, California",347,Point,"[-123.346, 39.565, 9.341]",347
0,2.11,"2km N of Vincent, CA",641592794410,1454624993370,,https://earthquake.usgs.gov/earthquakes/eventpage/ci1058017,https://earthquake.usgs.gov/fdsnws/event/1/query?eventid=ci1058017&format=geojson,,,,,reviewed,0,68,ci,1058017,",ci1058017,",",ci,",",origin,phase-data,",0,,0.08,48.1,mc,earthquake,"M 2.1 - 2km N of Vincent, CA",348,Point,"[-118.116, 34.523, 8.541]",348
0,2.25,"4 km SW of Aspen Springs, California",641591781580,1481956972570,,https://earthquake.usgs.gov/earthquakes/eventpage/nc156899,https://earthquake.usgs.gov/fdsnws/event/1/query?eventid=nc156899&format=geojson,,,,,reviewed,0,78,nc,156899,",nc156899,ci1058015,",",nc,ci,",",focal-mechanism,nearby-cities,origin,phase-data,",38,0.01802,0.05,61,md,earthquake,"M 2.3 - 4 km SW of Aspen Springs, California",349,Point,"[-118.7486667, 37.5256667, 4.024]",349
0,2.05,"12 km WNW of Aspen Springs, California",641590536980,1481956958150,,https://earthquake.usgs.gov/earthquakes/eventpage/nc156897,https://earthquake.usgs.gov/fdsnws/event/1/query?eventid=nc156897&format=geojson,,,,,reviewed,0,65,nc,156897,",nc156897,ci1058014,",",nc,ci,",",focal-mechanism,nearby-cities,origin,phase-data,",35,0.01712,0.06,75,md,earthquake,"M 2.1 - 12 km WNW of Aspen Springs, California",350,Point,"[-118.8455, 37.5961667, 0.73]",350
0,2.31,"45km NE of Holtville, CA",641585348470,1454627700980,,https://earthquake.usgs.gov/earthquakes/eventpage/ci1058010,https://earthquake.usgs.gov/fdsnws/event/1/query?eventid=ci1058010&format=geojson,,,,,reviewed,0,82,ci,1058010,",ci1058010,",",ci,",",origin,phase-data,",0,,0.274,144.4,mc,quarry blast,"M 2.3 Quarry Blast - 45km NE of Holtville, CA",351,Point,"[-115, 33.06, -0.21]",351
0,3.05,"8km ESE of Lompoc, CA",641582665380,1454633850970,,https://earthquake.usgs.gov/earthquakes/eventpage/ci1058009,https://earthquake.usgs.gov/fdsnws/event/1/query?eventid=ci1058009&format=geojson,,,,,reviewed,0,143,ci,1058009,",usp00048qh,ci1058009,",",us,ci,",",impact-text,origin,phase-data,",0,,0.104,106.9,ml,earthquake,"M 3.1 - 8km ESE of Lompoc, CA",352,Point,"[-120.371, 34.614, 8.124]",352
0,2.07,"10 km NE of San Ardo, California",641578711230,1481956925041,,https://earthquake.usgs.gov/earthquakes/eventpage/nc1175898,https://earthquake.usgs.gov/fdsnws/event/1/query?eventid=nc1175898&format=geojson,,,,,reviewed,0,66,nc,1175898,",nc1175898,",",nc,",",nearby-cities,origin,phase-data,",5,0.2405,0.04,195,md,earthquake,"M 2.1 - 10 km NE of San Ardo, California",353,Point,"[-120.8398333, 36.0958333, 4.447]",353
0,2.63,"5 km S of Round Valley, California",641576309710,1481956915740,,https://earthquake.usgs.gov/earthquakes/eventpage/nc156868,https://earthquake.usgs.gov/fdsnws/event/1/query?eventid=nc156868&format=geojson,,,,,reviewed,0,106,nc,156868,",nc156868,ci1057995,",",nc,ci,",",focal-mechanism,nearby-cities,origin,phase-data,",24,0.02342,0.04,115,md,earthquake,"M 2.6 - 5 km S of Round Valley, California",354,Point,"[-118.5771667, 37.373, 13.488]",354
0,2.8,"7 km SW of Beaver, Utah",641572684030,1535429150870,,https://earthquake.usgs.gov/earthquakes/eventpage/uu50049555,https://earthquake.usgs.gov/fdsnws/event/1/query?eventid=uu50049555&format=geojson,,,,,reviewed,0,121,uu,50049555,",usp00048qc,uu50049555,",",us,uu,",",impact-text,origin,phase-data,",12,0.2643,0.27,145,md,earthquake,"M 2.8 - 7 km SW of Beaver, Utah",355,Point,"[-112.6948333, 38.2191667, 9.73]",355
0,2.42,"1 km ENE of Alamo, California",641569752900,1481956879970,,https://earthquake.usgs.gov/earthquakes/eventpage/nc156863,https://earthquake.usgs.gov/fdsnws/event/1/query?eventid=nc156863&format=geojson,,,,,reviewed,0,90,nc,156863,",nc156863,",",nc,",",focal-mechanism,nearby-cities,origin,phase-data,",37,0.05586,0.09,103,md,earthquake,"M 2.4 - 1 km ENE of Alamo, California",356,Point,"[-122.0126667, 37.8561667, 5.896]",356
0,2.12,"31km SSE of Santa Cruz Is. (E end), CA",641561567910,1454631139390,,https://earthquake.usgs.gov/earthquakes/eventpage/ci1057979,https://earthquake.usgs.gov/fdsnws/event/1/query?eventid=ci1057979&format=geojson,,,,,reviewed,0,69,ci,1057979,",ci1057979,",",ci,",",origin,phase-data,",0,,0.282,128.8,mc,earthquake,"M 2.1 - 31km SSE of Santa Cruz Is. (E end), CA",357,Point,"[-119.396, 33.769, 5.76]",357
0,2.18,"1km WNW of Huntington Beach, CA",641540158750,1454625688240,,https://earthquake.usgs.gov/earthquakes/eventpage/ci1057970,https://earthquake.usgs.gov/fdsnws/event/1/query?eventid=ci1057970&format=geojson,,,,,reviewed,0,73,ci,1057970,",ci1057970,",",ci,",",origin,phase-data,",0,,0.213,133.4,mc,earthquake,"M 2.2 - 1km WNW of Huntington Beach, CA",358,Point,"[-118.012, 33.695, 14.374]",358
0,2.23,"4km WNW of Huntington Beach, CA",641539912980,1454633162340,,https://earthquake.usgs.gov/earthquakes/eventpage/ci1057968,https://earthquake.usgs.gov/fdsnws/event/1/query?eventid=ci1057968&format=geojson,,,,,reviewed,0,77,ci,1057968,",ci1057968,",",ci,",",origin,phase-data,",0,,0.2,129.2,mc,earthquake,"M 2.2 - 4km WNW of Huntington Beach, CA",359,Point,"[-118.036, 33.708, 16.086]",359
0,3.2,"7 km WNW of Cobb, California",641536984790,1481956763370,,https://earthquake.usgs.gov/earthquakes/eventpage/nc20091207,https://earthquake.usgs.gov/fdsnws/event/1/query?eventid=nc20091207&format=geojson,,,,,reviewed,0,158,nc,20091207,",nc20091207,usp00048pv,",",nc,us,",",focal-mechanism,nearby-cities,origin,phase-data,",51,0.02973,0.06,47,ml,earthquake,"M 3.2 - 7 km WNW of Cobb, California",360,Point,"[-122.8065, 38.8363333, 0.981]",360
0,2.03,"4 km SSE of North Gate, California",641526842270,1481956750562,,https://earthquake.usgs.gov/earthquakes/eventpage/nc156843,https://earthquake.usgs.gov/fdsnws/event/1/query?eventid=nc156843&format=geojson,,,,,reviewed,0,63,nc,156843,",nc156843,",",nc,",",nearby-cities,origin,phase-data,",21,0.06396,0.07,62,md,earthquake,"M 2.0 - 4 km SSE of North Gate, California",361,Point,"[-121.9715, 37.8743333, 5.077]",361
0,2.4,"21 km SE of Tres Pinos, California",641526131530,1481956736250,,https://earthquake.usgs.gov/earthquakes/eventpage/nc156841,https://earthquake.usgs.gov/fdsnws/event/1/query?eventid=nc156841&format=geojson,,,,,reviewed,0,89,nc,156841,",nc156841,",",nc,",",focal-mechanism,nearby-cities,origin,phase-data,",41,0.02703,0.09,69,md,earthquake,"M 2.4 - 21 km SE of Tres Pinos, California",362,Point,"[-121.1753333, 36.638, 7.322]",362
0,2.8,"1km SSE of Beatty, NV",641518116160,1454629756620,,https://earthquake.usgs.gov/earthquakes/eventpage/ci1057963,https://earthquake.usgs.gov/fdsnws/event/1/query?eventid=ci1057963&format=geojson,,,,,reviewed,0,121,ci,1057963,",ci1057963,",",ci,",",origin,phase-data,",0,,0.467,272.6,mc,quarry blast,"M 2.8 Quarry Blast - 1km SSE of Beatty, NV",363,Point,"[-116.75, 36.9, -1.513]",363
0,2.26,"5 km SW of Tres Pinos, California",641518046260,1481956708710,,https://earthquake.usgs.gov/earthquakes/eventpage/nc156838,https://earthquake.usgs.gov/fdsnws/event/1/query?eventid=nc156838&format=geojson,,,,,reviewed,0,79,nc,156838,",nc156838,",",nc,",",focal-mechanism,nearby-cities,origin,phase-data,",49,0.02523,0.11,31,md,earthquake,"M 2.3 - 5 km SW of Tres Pinos, California",364,Point,"[-121.356, 36.7518333, 10.055]",364
0,2.09,"4 km SSE of North Gate, California",641517477400,1481956693746,,https://earthquake.usgs.gov/earthquakes/eventpage/nc156975,https://earthquake.usgs.gov/fdsnws/event/1/query?eventid=nc156975&format=geojson,,,,,reviewed,0,67,nc,156975,",nc156975,",",nc,",",nearby-cities,origin,phase-data,",22,0.07748,0.11,59,md,earthquake,"M 2.1 - 4 km SSE of North Gate, California",365,Point,"[-121.9871667, 37.8693333, 5.607]",365
0,2.2,"30km ESE of Big Pine, CA",641508030790,1454627005400,,https://earthquake.usgs.gov/earthquakes/eventpage/ci1057956,https://earthquake.usgs.gov/fdsnws/event/1/query?eventid=ci1057956&format=geojson,,,,,reviewed,0,74,ci,1057956,",ci1057956,",",ci,",",origin,phase-data,",0,,0.189,190.1,mh,earthquake,"M 2.2 - 30km ESE of Big Pine, CA",366,Point,"[-117.977, 37.069, 4.208]",366
0,2.56,"20km ESE of Anza, CA",641506629650,1454631138090,,https://earthquake.usgs.gov/earthquakes/eventpage/ci1057955,https://earthquake.usgs.gov/fdsnws/event/1/query?eventid=ci1057955&format=geojson,,,,,reviewed,0,101,ci,1057955,",ci1057955,",",ci,",",origin,phase-data,",0,0.02225,0.235,79.8,mc,earthquake,"M 2.6 - 20km ESE of Anza, CA",367,Point,"[-116.469, 33.514, 2.372]",367
0,2,"21km ESE of Anza, CA",641506625380,1454624992380,,https://earthquake.usgs.gov/earthquakes/eventpage/ci141665,https://earthquake.usgs.gov/fdsnws/event/1/query?eventid=ci141665&format=geojson,,,,,reviewed,0,62,ci,141665,",ci141665,",",ci,",",origin,phase-data,",0,,0.092,133.9,mh,earthquake,"M 2.0 - 21km ESE of Anza, CA",368,Point,"[-116.466, 33.481, 15.819]",368
0,2.42,"4 km NNW of Day Valley, California",641504365820,1481956646380,,https://earthquake.usgs.gov/earthquakes/eventpage/nc156831,https://earthquake.usgs.gov/fdsnws/event/1/query?eventid=nc156831&format=geojson,,,,,reviewed,0,90,nc,156831,",nc156831,usp00048pb,",",nc,us,",",focal-mechanism,nearby-cities,origin,phase-data,",69,0.04324,0.08,59,md,earthquake,"M 2.4 - 4 km NNW of Day Valley, California",369,Point,"[-121.891, 37.0703333, 13.109]",369
0,2.83,"4 km NW of Day Valley, California",641504131330,1481956637330,,https://earthquake.usgs.gov/earthquakes/eventpage/nc156884,https://earthquake.usgs.gov/fdsnws/event/1/query?eventid=nc156884&format=geojson,,,,,reviewed,0,123,nc,156884,",nc156884,usp00048p9,",",nc,us,",",focal-mechanism,nearby-cities,origin,phase-data,",89,0.04505,0.08,57,md,earthquake,"M 2.8 - 4 km NW of Day Valley, California",370,Point,"[-121.8936667, 37.0721667, 13.469]",370
0,2.53,"1 km SW of Diablo, California",641501651150,1481956627560,,https://earthquake.usgs.gov/earthquakes/eventpage/nc156829,https://earthquake.usgs.gov/fdsnws/event/1/query?eventid=nc156829&format=geojson,,,,,reviewed,0,98,nc,156829,",nc156829,",",nc,",",focal-mechanism,nearby-cities,origin,phase-data,",35,0.07117,0.09,60,md,earthquake,"M 2.5 - 1 km SW of Diablo, California",371,Point,"[-121.9736667, 37.8225, 6.713]",371
0,2.07,"1km E of Wofford Heights, CA",641500177310,1454625687220,,https://earthquake.usgs.gov/earthquakes/eventpage/ci1057949,https://earthquake.usgs.gov/fdsnws/event/1/query?eventid=ci1057949&format=geojson,,,,,reviewed,0,66,ci,1057949,",ci1057949,",",ci,",",origin,phase-data,",0,,0.031,127,mc,earthquake,"M 2.1 - 1km E of Wofford Heights, CA",372,Point,"[-118.447, 35.707, 3.045]",372
0,2.38,"10km SSE of Wrightwood, CA",641497314780,1454633850130,,https://earthquake.usgs.gov/earthquakes/eventpage/ci1057947,https://earthquake.usgs.gov/fdsnws/event/1/query?eventid=ci1057947&format=geojson,,,,,reviewed,0,87,ci,1057947,",ci1057947,",",ci,",",origin,phase-data,",0,,0.066,29.1,ml,earthquake,"M 2.4 - 10km SSE of Wrightwood, CA",373,Point,"[-117.603, 34.278, 3.849]",373
0,2.02,"2 km ESE of Danville, California",641474094460,1481956560795,,https://earthquake.usgs.gov/earthquakes/eventpage/nc156821,https://earthquake.usgs.gov/fdsnws/event/1/query?eventid=nc156821&format=geojson,,,,,reviewed,0,63,nc,156821,",nc156821,",",nc,",",nearby-cities,origin,phase-data,",24,0.06847,0.06,60,md,earthquake,"M 2.0 - 2 km ESE of Danville, California",374,Point,"[-121.977, 37.8153333, 6.613]",374
0,2.03,"7km NNW of Upland, CA",641467873900,1454630451010,,https://earthquake.usgs.gov/earthquakes/eventpage/ci1057921,https://earthquake.usgs.gov/fdsnws/event/1/query?eventid=ci1057921&format=geojson,,,,,reviewed,0,63,ci,1057921,",ci1057921,",",ci,",",origin,phase-data,",0,,0.099,67,mc,earthquake,"M 2.0 - 7km NNW of Upland, CA",375,Point,"[-117.666, 34.156, 2.421]",375
0,2.33,"7km NNE of Rancho Cucamonga, CA",641460627890,1454624991800,,https://earthquake.usgs.gov/earthquakes/eventpage/ci1057918,https://earthquake.usgs.gov/fdsnws/event/1/query?eventid=ci1057918&format=geojson,,,,,reviewed,0,84,ci,1057918,",ci1057918,",",ci,",",origin,phase-data,",0,,0.056,36.8,mc,earthquake,"M 2.3 - 7km NNE of Rancho Cucamonga, CA",376,Point,"[-117.551, 34.179, 11.051]",376
0,2.25,"3 km ENE of Alamo, California",641440483000,1481956456549,,https://earthquake.usgs.gov/earthquakes/eventpage/nc156808,https://earthquake.usgs.gov/fdsnws/event/1/query?eventid=nc156808&format=geojson,,,,,reviewed,0,78,nc,156808,",nc156808,",",nc,",",nearby-cities,origin,phase-data,",16,0.06757,0.06,54,md,earthquake,"M 2.3 - 3 km ENE of Alamo, California",377,Point,"[-121.997, 37.8595, 4.387]",377
0,2.03,"12 km S of Soda Springs, California",641439147970,1481956448023,,https://earthquake.usgs.gov/earthquakes/eventpage/nc156882,https://earthquake.usgs.gov/fdsnws/event/1/query?eventid=nc156882&format=geojson,,,,,reviewed,0,63,nc,156882,",nc156882,",",nc,",",nearby-cities,origin,phase-data,",12,0.3613,0.06,248,md,earthquake,"M 2.0 - 12 km S of Soda Springs, California",378,Point,"[-120.3881667, 39.2131667, 3.207]",378
0,2.09,"8km NNE of Running Springs, CA",641434687850,1454629754680,,https://earthquake.usgs.gov/earthquakes/eventpage/ci1057911,https://earthquake.usgs.gov/fdsnws/event/1/query?eventid=ci1057911&format=geojson,,,,,reviewed,0,67,ci,1057911,",ci1057911,",",ci,",",origin,phase-data,",0,,0.108,57.2,mc,earthquake,"M 2.1 - 8km NNE of Running Springs, CA",379,Point,"[-117.086, 34.274, 5.877]",379
0,2.06,"5 km WSW of Topaz Lake, Nevada",641425325990,1481956396533,,https://earthquake.usgs.gov/earthquakes/eventpage/nc156801,https://earthquake.usgs.gov/fdsnws/event/1/query?eventid=nc156801&format=geojson,,,,,reviewed,0,65,nc,156801,",nc156801,",",nc,",",nearby-cities,origin,phase-data,",9,0.7315,0.06,306,md,earthquake,"M 2.1 - 5 km WSW of Topaz Lake, Nevada",380,Point,"[-119.599, 38.6735, 4.103]",380
0,2.09,"5km E of Westmorland, CA",641419743290,1454626339490,,https://earthquake.usgs.gov/earthquakes/eventpage/ci1057906,https://earthquake.usgs.gov/fdsnws/event/1/query?eventid=ci1057906&format=geojson,,,,,reviewed,0,67,ci,1057906,",ci1057906,",",ci,",",origin,phase-data,",0,,0.097,45.7,mc,earthquake,"M 2.1 - 5km E of Westmorland, CA",381,Point,"[-115.567, 33.032, 7.081]",381
0,2.6,"10km WSW of Lucerne Valley, CA",641417744580,1454624318020,,https://earthquake.usgs.gov/earthquakes/eventpage/ci1057904,https://earthquake.usgs.gov/fdsnws/event/1/query?eventid=ci1057904&format=geojson,,,,,reviewed,0,104,ci,1057904,",ci1057904,",",ci,",",origin,phase-data,",0,,0.102,38.4,mc,earthquake,"M 2.6 - 10km WSW of Lucerne Valley, CA",382,Point,"[-117.079, 34.422, 3.968]",382
0,2.66,"3 km ENE of Alamo, California",641416843680,1481956366710,,https://earthquake.usgs.gov/earthquakes/eventpage/nc156796,https://earthquake.usgs.gov/fdsnws/event/1/query?eventid=nc156796&format=geojson,,,,,reviewed,0,109,nc,156796,",nc156796,",",nc,",",focal-mechanism,nearby-cities,origin,phase-data,",50,0.07027,0.07,57,md,earthquake,"M 2.7 - 3 km ENE of Alamo, California",383,Point,"[-121.9973333, 37.8643333, 5.947]",383
0,2.49,"2 km ENE of Alamo, California",641401147300,1481956317130,,https://earthquake.usgs.gov/earthquakes/eventpage/nc156791,https://earthquake.usgs.gov/fdsnws/event/1/query?eventid=nc156791&format=geojson,,,,,reviewed,0,95,nc,156791,",nc156791,",",nc,",",focal-mechanism,nearby-cities,origin,phase-data,",49,0.06486,0.08,57,md,earthquake,"M 2.5 - 2 km ENE of Alamo, California",384,Point,"[-122.0063333, 37.8638333, 7.706]",384
0,2.07,"2 km WNW of Diablo, California",641384384790,1481956236760,,https://earthquake.usgs.gov/earthquakes/eventpage/nc156781,https://earthquake.usgs.gov/fdsnws/event/1/query?eventid=nc156781&format=geojson,,,,,reviewed,0,66,nc,156781,",nc156781,",",nc,",",focal-mechanism,nearby-cities,origin,phase-data,",38,0.06667,0.1,54,md,earthquake,"M 2.1 - 2 km WNW of Diablo, California",385,Point,"[-121.9848333, 37.841, 7.417]",385
0,2.16,"3 km ENE of Alamo, California",641383300500,1481956229523,,https://earthquake.usgs.gov/earthquakes/eventpage/nc156780,https://earthquake.usgs.gov/fdsnws/event/1/query?eventid=nc156780&format=geojson,,,,,reviewed,0,72,nc,156780,",nc156780,",",nc,",",nearby-cities,origin,phase-data,",17,0.07207,0.08,63,md,earthquake,"M 2.2 - 3 km ENE of Alamo, California",386,Point,"[-121.9936667, 37.8635, 5.537]",386
0,2.21,"7 km WSW of Cobb, California",641373663490,1481956188462,,https://earthquake.usgs.gov/earthquakes/eventpage/nc156913,https://earthquake.usgs.gov/fdsnws/event/1/query?eventid=nc156913&format=geojson,,,,,reviewed,0,75,nc,156913,",nc156913,",",nc,",",nearby-cities,origin,phase-data,",23,0.007207,0.03,43,md,earthquake,"M 2.2 - 7 km WSW of Cobb, California",387,Point,"[-122.8008333, 38.802, 1.161]",387
0,2,"16km WNW of Grapevine, CA",641367022640,1454627004060,,https://earthquake.usgs.gov/earthquakes/eventpage/ci1057884,https://earthquake.usgs.gov/fdsnws/event/1/query?eventid=ci1057884&format=geojson,,,,,reviewed,0,62,ci,1057884,",ci1057884,",",ci,",",origin,phase-data,",0,,0.099,94.7,mc,earthquake,"M 2.0 - 16km WNW of Grapevine, CA",388,Point,"[-119.096, 34.998, 11.694]",388
0,2.27,"15 km N of Dixon Lane-Meadow Creek, California",641358131280,1481956135704,,https://earthquake.usgs.gov/earthquakes/eventpage/nc156761,https://earthquake.usgs.gov/fdsnws/event/1/query?eventid=nc156761&format=geojson,,,,,reviewed,0,79,nc,156761,",nc156761,ci679339,",",nc,ci,",",nearby-cities,origin,phase-data,",23,0.03604,0.05,70,md,earthquake,"M 2.3 - 15 km N of Dixon Lane-Meadow Creek, California",389,Point,"[-118.413, 37.5216667, 6.239]",389
0,2.07,"0 km ENE of Alamo, California",641357248150,1481956122606,,https://earthquake.usgs.gov/earthquakes/eventpage/nc156759,https://earthquake.usgs.gov/fdsnws/event/1/query?eventid=nc156759&format=geojson,,,,,reviewed,0,66,nc,156759,",nc156759,",",nc,",",nearby-cities,origin,phase-data,",25,0.04865,0.08,52,md,earthquake,"M 2.1 - 0 km ENE of Alamo, California",390,Point,"[-122.0245, 37.8541667, 5.196]",390
0,2.4,"3 km ENE of Alamo, California",641352694070,1481956104250,,https://earthquake.usgs.gov/earthquakes/eventpage/nc156755,https://earthquake.usgs.gov/fdsnws/event/1/query?eventid=nc156755&format=geojson,,,,,reviewed,0,89,nc,156755,",nc156755,",",nc,",",focal-mechanism,nearby-cities,origin,phase-data,",29,0.06667,0.08,54,md,earthquake,"M 2.4 - 3 km ENE of Alamo, California",391,Point,"[-121.9993333, 37.8598333, 5.456]",391
0,2.44,"10 km NNW of Avenal, California",641348224360,1481956096410,,https://earthquake.usgs.gov/earthquakes/eventpage/nc156754,https://earthquake.usgs.gov/fdsnws/event/1/query?eventid=nc156754&format=geojson,,,,,reviewed,0,92,nc,156754,",nc156754,ci1057880,",",nc,ci,",",focal-mechanism,nearby-cities,origin,phase-data,",48,0.06396,0.19,86,md,earthquake,"M 2.4 - 10 km NNW of Avenal, California",392,Point,"[-120.1823333, 36.0848333, 5.24]",392
0,2.02,"1 km ENE of Alamo, California",641347408230,1481956084990,,https://earthquake.usgs.gov/earthquakes/eventpage/nc156753,https://earthquake.usgs.gov/fdsnws/event/1/query?eventid=nc156753&format=geojson,,,,,reviewed,0,63,nc,156753,",nc156753,",",nc,",",focal-mechanism,nearby-cities,origin,phase-data,",26,0.04955,0.06,52,md,earthquake,"M 2.0 - 1 km ENE of Alamo, California",393,Point,"[-122.0201667, 37.853, 6.476]",393
0,2.53,"2 km ENE of Alamo, California",641326764150,1481956022980,,https://earthquake.usgs.gov/earthquakes/eventpage/nc156747,https://earthquake.usgs.gov/fdsnws/event/1/query?eventid=nc156747&format=geojson,,,,,reviewed,0,98,nc,156747,",nc156747,",",nc,",",focal-mechanism,nearby-cities,origin,phase-data,",35,0.06036,0.06,53,md,earthquake,"M 2.5 - 2 km ENE of Alamo, California",394,Point,"[-122.0063333, 37.8568333, 5.916]",394
0,2.92,"2 km ENE of Alamo, California",641326633090,1481956014750,,https://earthquake.usgs.gov/earthquakes/eventpage/nc156746,https://earthquake.usgs.gov/fdsnws/event/1/query?eventid=nc156746&format=geojson,,,,,reviewed,0,131,nc,156746,",nc156746,usp00048kk,",",nc,us,",",focal-mechanism,nearby-cities,origin,phase-data,",65,0.06126,0.09,54,md,earthquake,"M 2.9 - 2 km ENE of Alamo, California",395,Point,"[-122.0046667, 37.8563333, 5.996]",395
0,2.47,"1 km NE of Alamo, California",641323079440,1481955997890,,https://earthquake.usgs.gov/earthquakes/eventpage/nc156745,https://earthquake.usgs.gov/fdsnws/event/1/query?eventid=nc156745&format=geojson,,,,,reviewed,0,94,nc,156745,",nc156745,",",nc,",",focal-mechanism,nearby-cities,origin,phase-data,",37,0.05135,0.15,54,md,earthquake,"M 2.5 - 1 km NE of Alamo, California",396,Point,"[-122.0241667, 37.8576667, 4.746]",396
0,2.45,"1 km ENE of Alamo, California",641320245210,1481955965900,,https://earthquake.usgs.gov/earthquakes/eventpage/nc156989,https://earthquake.usgs.gov/fdsnws/event/1/query?eventid=nc156989&format=geojson,,,,,reviewed,0,92,nc,156989,",nc156989,",",nc,",",focal-mechanism,nearby-cities,origin,phase-data,",35,0.05315,0.09,53,md,earthquake,"M 2.5 - 1 km ENE of Alamo, California",397,Point,"[-122.0168333, 37.855, 5.126]",397
0,2.59,"4km NNW of Big Bear City, CA",641316091470,1454630450510,,https://earthquake.usgs.gov/earthquakes/eventpage/ci1057872,https://earthquake.usgs.gov/fdsnws/event/1/query?eventid=ci1057872&format=geojson,,,,,reviewed,0,103,ci,1057872,",ci1057872,",",ci,",",origin,phase-data,",0,,0.104,60.3,mc,earthquake,"M 2.6 - 4km NNW of Big Bear City, CA",398,Point,"[-116.86, 34.29, 7.531]",398
0,2.45,"1 km NE of Alamo, California",641315336090,1481955920390,,https://earthquake.usgs.gov/earthquakes/eventpage/nc156739,https://earthquake.usgs.gov/fdsnws/event/1/query?eventid=nc156739&format=geojson,,,,,reviewed,0,92,nc,156739,",nc156739,",",nc,",",focal-mechanism,nearby-cities,origin,phase-data,",42,0.05766,0.06,55,md,earthquake,"M 2.5 - 1 km NE of Alamo, California",399,Point,"[-122.0148333, 37.8596667, 6.806]",399
0,2.35,"13km SSE of Joshua Tree, CA",641312596020,1454623631380,,https://earthquake.usgs.gov/earthquakes/eventpage/ci1057868,https://earthquake.usgs.gov/fdsnws/event/1/query?eventid=ci1057868&format=geojson,,,,,reviewed,0,85,ci,1057868,",ci1057868,",",ci,",",origin,phase-data,",0,,0.076,48.9,mc,earthquake,"M 2.4 - 13km SSE of Joshua Tree, CA",400,Point,"[-116.241, 34.035, 2.574]",400
0,2.81,"3 km ENE of Alamo, California",641301774510,1481955826110,,https://earthquake.usgs.gov/earthquakes/eventpage/nc156987,https://earthquake.usgs.gov/fdsnws/event/1/query?eventid=nc156987&format=geojson,,,,,reviewed,0,121,nc,156987,",nc156987,",",nc,",",focal-mechanism,nearby-cities,origin,phase-data,",53,0.06937,0.09,53,md,earthquake,"M 2.8 - 3 km ENE of Alamo, California",401,Point,"[-121.998, 37.8625, 4.907]",401
0,2.35,"5 km N of Interlaken, California",641294906970,1481955773870,,https://earthquake.usgs.gov/earthquakes/eventpage/nc156726,https://earthquake.usgs.gov/fdsnws/event/1/query?eventid=nc156726&format=geojson,,,,,reviewed,0,85,nc,156726,",nc156726,",",nc,",",focal-mechanism,nearby-cities,origin,phase-data,",63,0.04955,0.06,29,md,earthquake,"M 2.4 - 5 km N of Interlaken, California",402,Point,"[-121.7288333, 37.0045, 8.759]",402
0,2.7,"2 km ENE of Alamo, California",641294598590,1481955765370,,https://earthquake.usgs.gov/earthquakes/eventpage/nc156725,https://earthquake.usgs.gov/fdsnws/event/1/query?eventid=nc156725&format=geojson,,,,,reviewed,0,112,nc,156725,",nc156725,",",nc,",",focal-mechanism,nearby-cities,origin,phase-data,",43,0.05946,0.08,54,md,earthquake,"M 2.7 - 2 km ENE of Alamo, California",403,Point,"[-122.0085, 37.8568333, 4.856]",403
0,2.4,"3 km ENE of Alamo, California",641294219350,1481955753320,,https://earthquake.usgs.gov/earthquakes/eventpage/nc156723,https://earthquake.usgs.gov/fdsnws/event/1/query?eventid=nc156723&format=geojson,,,,,reviewed,0,89,nc,156723,",nc156723,",",nc,",",focal-mechanism,nearby-cities,origin,phase-data,",35,0.07027,0.08,56,md,earthquake,"M 2.4 - 3 km ENE of Alamo, California",404,Point,"[-121.9988333, 37.865, 5.656]",404
0,2.43,"18km NNE of Indio, CA",641291557980,1454631830340,,https://earthquake.usgs.gov/earthquakes/eventpage/ci1057860,https://earthquake.usgs.gov/fdsnws/event/1/query?eventid=ci1057860&format=geojson,,,,,reviewed,0,91,ci,1057860,",ci1057860,",",ci,",",origin,phase-data,",0,,0.094,70.6,ml,earthquake,"M 2.4 - 18km NNE of Indio, CA",405,Point,"[-116.158, 33.873, 4.006]",405
0,2.43,"1 km ENE of Alamo, California",641290480600,1481955727030,,https://earthquake.usgs.gov/earthquakes/eventpage/nc156722,https://earthquake.usgs.gov/fdsnws/event/1/query?eventid=nc156722&format=geojson,,,,,reviewed,0,91,nc,156722,",nc156722,",",nc,",",focal-mechanism,nearby-cities,origin,phase-data,",46,0.05045,0.08,40,md,earthquake,"M 2.4 - 1 km ENE of Alamo, California",406,Point,"[-122.0195, 37.8531667, 6.556]",406
0,2.05,"4 km NNW of Diablo, California",641288780240,1481955705767,,https://earthquake.usgs.gov/earthquakes/eventpage/nc156721,https://earthquake.usgs.gov/fdsnws/event/1/query?eventid=nc156721&format=geojson,,,,,reviewed,0,65,nc,156721,",nc156721,",",nc,",",nearby-cities,origin,phase-data,",18,0.06667,0.07,63,md,earthquake,"M 2.1 - 4 km NNW of Diablo, California",407,Point,"[-121.9721667, 37.871, 5.437]",407
0,2.6,"3 km SSE of North Gate, California",641288020390,1481955693450,,https://earthquake.usgs.gov/earthquakes/eventpage/nc156982,https://earthquake.usgs.gov/fdsnws/event/1/query?eventid=nc156982&format=geojson,,,,,reviewed,0,104,nc,156982,",nc156982,",",nc,",",focal-mechanism,nearby-cities,origin,phase-data,",56,0.06937,0.07,44,md,earthquake,"M 2.6 - 3 km SSE of North Gate, California",408,Point,"[-121.9808333, 37.8751667, 5.837]",408
0,2.54,"9 km NNW of Avenal, California",641284212550,1481955626690,,https://earthquake.usgs.gov/earthquakes/eventpage/nc156894,https://earthquake.usgs.gov/fdsnws/event/1/query?eventid=nc156894&format=geojson,,,,,reviewed,0,99,nc,156894,",nc156894,ci1057858,",",nc,ci,",",focal-mechanism,nearby-cities,origin,phase-data,",49,0.05946,0.1,87,md,earthquake,"M 2.5 - 9 km NNW of Avenal, California",409,Point,"[-120.178, 36.0831667, 6.83]",409
0,2.38,"0 km E of Alamo, California",641283390810,1481955618460,,https://earthquake.usgs.gov/earthquakes/eventpage/nc156893,https://earthquake.usgs.gov/fdsnws/event/1/query?eventid=nc156893&format=geojson,,,,,reviewed,0,87,nc,156893,",nc156893,",",nc,",",focal-mechanism,nearby-cities,origin,phase-data,",55,0.04505,0.08,50,md,earthquake,"M 2.4 - 0 km E of Alamo, California",410,Point,"[-122.0263333, 37.8508333, 6.436]",410
0,2.79,"1 km ENE of Alamo, California",641282137960,1481955602340,,https://earthquake.usgs.gov/earthquakes/eventpage/nc156713,https://earthquake.usgs.gov/fdsnws/event/1/query?eventid=nc156713&format=geojson,,,,,reviewed,0,120,nc,156713,",nc156713,",",nc,",",focal-mechanism,nearby-cities,origin,phase-data,",60,0.05315,0.08,53,md,earthquake,"M 2.8 - 1 km ENE of Alamo, California",411,Point,"[-122.0183333, 37.8565, 6.786]",411
0,3.4,"1 km NE of Alamo, California",641281503850,1481955580880,,https://earthquake.usgs.gov/earthquakes/eventpage/nc20091189,https://earthquake.usgs.gov/fdsnws/event/1/query?eventid=nc20091189&format=geojson,,,,,reviewed,0,178,nc,20091189,",nc20091189,usp00048k3,",",nc,us,",",focal-mechanism,impact-text,nearby-cities,origin,phase-data,",82,0.05495,0.07,39,ml,earthquake,"M 3.4 - 1 km NE of Alamo, California",412,Point,"[-122.0185, 37.8588333, 8.386]",412
0,2.24,"8 km N of Bay Point, California",641279325680,1481955525174,,https://earthquake.usgs.gov/earthquakes/eventpage/nc1175773,https://earthquake.usgs.gov/fdsnws/event/1/query?eventid=nc1175773&format=geojson,,,,,reviewed,0,77,nc,1175773,",nc1175773,",",nc,",",nearby-cities,origin,phase-data,",4,0.1973,0.02,304,md,earthquake,"M 2.2 - 8 km N of Bay Point, California",413,Point,"[-121.974, 38.1025, 8.776]",413
0,2.08,"1 km NE of Alamo, California",641278874700,1481955514173,,https://earthquake.usgs.gov/earthquakes/eventpage/nc157032,https://earthquake.usgs.gov/fdsnws/event/1/query?eventid=nc157032&format=geojson,,,,,reviewed,0,67,nc,157032,",nc157032,",",nc,",",nearby-cities,origin,phase-data,",21,0.05856,0.08,55,md,earthquake,"M 2.1 - 1 km NE of Alamo, California",414,Point,"[-122.0148333, 37.8606667, 4.096]",414
0,2.16,"3 km NNW of Diablo, California",641278852050,1481955508670,,https://earthquake.usgs.gov/earthquakes/eventpage/nc157033,https://earthquake.usgs.gov/fdsnws/event/1/query?eventid=nc157033&format=geojson,,,,,reviewed,0,72,nc,157033,",nc157033,",",nc,",",focal-mechanism,nearby-cities,origin,phase-data,",23,0.07658,0.07,59,md,earthquake,"M 2.2 - 3 km NNW of Diablo, California",415,Point,"[-121.9816667, 37.8651667, 5.797]",415
0,2.73,"4 km NW of Diablo, California",641278780040,1481955500860,,https://earthquake.usgs.gov/earthquakes/eventpage/nc156887,https://earthquake.usgs.gov/fdsnws/event/1/query?eventid=nc156887&format=geojson,,,,,reviewed,0,115,nc,156887,",nc156887,",",nc,",",focal-mechanism,nearby-cities,origin,phase-data,",57,0.07748,0.07,56,md,earthquake,"M 2.7 - 4 km NW of Diablo, California",416,Point,"[-121.9875, 37.8653333, 6.057]",416
0,2.38,"2 km ENE of Alamo, California",641278701210,1481955492500,,https://earthquake.usgs.gov/earthquakes/eventpage/nc157031,https://earthquake.usgs.gov/fdsnws/event/1/query?eventid=nc157031&format=geojson,,,,,reviewed,0,87,nc,157031,",nc157031,",",nc,",",focal-mechanism,nearby-cities,origin,phase-data,",29,0.06396,0.06,64,md,earthquake,"M 2.4 - 2 km ENE of Alamo, California",417,Point,"[-122.0051667, 37.8611667, 7.166]",417
0,2.08,"0 km ENE of Alamo, California",641278503060,1481955471060,,https://earthquake.usgs.gov/earthquakes/eventpage/nc157004,https://earthquake.usgs.gov/fdsnws/event/1/query?eventid=nc157004&format=geojson,,,,,reviewed,0,67,nc,157004,",nc157004,",",nc,",",focal-mechanism,nearby-cities,origin,phase-data,",30,0.04595,0.07,52,md,earthquake,"M 2.1 - 0 km ENE of Alamo, California",418,Point,"[-122.0251667, 37.8516667, 6.046]",418
0,2.31,"1 km W of Alamo, California",641278427130,1481955459797,,https://earthquake.usgs.gov/earthquakes/eventpage/nc156886,https://earthquake.usgs.gov/fdsnws/event/1/query?eventid=nc156886&format=geojson,,,,,reviewed,0,82,nc,156886,",nc156886,",",nc,",",nearby-cities,origin,phase-data,",23,0.03604,0.12,49,md,earthquake,"M 2.3 - 1 km W of Alamo, California",419,Point,"[-122.0445, 37.849, 5.856]",419
0,3.05,"4 km SE of North Gate, California",641278259210,1481955454070,,https://earthquake.usgs.gov/earthquakes/eventpage/nc156885,https://earthquake.usgs.gov/fdsnws/event/1/query?eventid=nc156885&format=geojson,,,,,reviewed,0,143,nc,156885,",nc156885,",",nc,",",focal-mechanism,nearby-cities,origin,phase-data,",45,0.06306,0.09,62,md,earthquake,"M 3.1 - 4 km SE of North Gate, California",420,Point,"[-121.971, 37.8763333, 6.254]",420
0,4.2,"4 km SSE of North Gate, California",641278061200,1481955443990,,https://earthquake.usgs.gov/earthquakes/eventpage/nc20091187,https://earthquake.usgs.gov/fdsnws/event/1/query?eventid=nc20091187&format=geojson,,,,,reviewed,0,271,nc,20091187,",nc20091187,usp00048k1,",",nc,us,",",focal-mechanism,impact-text,nearby-cities,origin,phase-data,",83,0.07658,0.09,44,ml,earthquake,"M 4.2 - 4 km SSE of North Gate, California",421,Point,"[-121.987, 37.8706667, 7.734]",421
0,2.4,"2 km ENE of Alamo, California",641277953570,1481955431773,,https://earthquake.usgs.gov/earthquakes/eventpage/nc1175769,https://earthquake.usgs.gov/fdsnws/event/1/query?eventid=nc1175769&format=geojson,,,,,reviewed,0,89,nc,1175769,",nc1175769,",",nc,",",nearby-cities,origin,phase-data,",15,0.06216,0.07,106,md,earthquake,"M 2.4 - 2 km ENE of Alamo, California",422,Point,"[-122.0068333, 37.8593333, 5.626]",422
0,2.67,"3 km ENE of Alamo, California",641277900630,1481955428230,,https://earthquake.usgs.gov/earthquakes/eventpage/nc1175768,https://earthquake.usgs.gov/fdsnws/event/1/query?eventid=nc1175768&format=geojson,,,,,reviewed,0,110,nc,1175768,",nc1175768,",",nc,",",nearby-cities,origin,phase-data,",7,0.07027,0.05,173,md,earthquake,"M 2.7 - 3 km ENE of Alamo, California",423,Point,"[-121.9953333, 37.8618333, 5.572]",423
0,2.87,"2 km SSE of North Gate, California",641277872300,1481955424667,,https://earthquake.usgs.gov/earthquakes/eventpage/nc1175767,https://earthquake.usgs.gov/fdsnws/event/1/query?eventid=nc1175767&format=geojson,,,,,reviewed,0,127,nc,1175767,",nc1175767,",",nc,",",nearby-cities,origin,phase-data,",6,0.09099,0.03,265,md,earthquake,"M 2.9 - 2 km SSE of North Gate, California",424,Point,"[-121.9853333, 37.8836667, 6.962]",424
0,4.4,"3 km SSE of North Gate, California",641277707280,1481955419760,,https://earthquake.usgs.gov/earthquakes/eventpage/nc20091186,https://earthquake.usgs.gov/fdsnws/event/1/query?eventid=nc20091186&format=geojson,,,,,reviewed,0,298,nc,20091186,",nc20091186,usp00048k0,",",nc,us,",",focal-mechanism,impact-text,nearby-cities,origin,phase-data,",78,0.06486,0.08,47,ml,earthquake,"M 4.4 - 3 km SSE of North Gate, California",425,Point,"[-121.9743333, 37.876, 6.654]",425
0,2.86,"4 km NNW of Diablo, California",641277667590,1481955408430,,https://earthquake.usgs.gov/earthquakes/eventpage/nc20091188,https://earthquake.usgs.gov/fdsnws/event/1/query?eventid=nc20091188&format=geojson,,,,,reviewed,0,126,nc,20091188,",nc20091188,usp00048jz,",",nc,us,",",focal-mechanism,nearby-cities,origin,phase-data,",70,0.06937,0.07,52,md,earthquake,"M 2.9 - 4 km NNW of Diablo, California",426,Point,"[-121.9758333, 37.8705, 6.084]",426
0,2.25,"4 km SSE of North Gate, California",641277068750,1481955397470,,https://earthquake.usgs.gov/earthquakes/eventpage/nc156710,https://earthquake.usgs.gov/fdsnws/event/1/query?eventid=nc156710&format=geojson,,,,,reviewed,0,78,nc,156710,",nc156710,",",nc,",",focal-mechanism,nearby-cities,origin,phase-data,",33,0.06757,0.07,73,md,earthquake,"M 2.3 - 4 km SSE of North Gate, California",427,Point,"[-121.9755, 37.8723333, 6.504]",427
0,2.03,"13km W of Mojave, CA",641258021740,1454627697720,,https://earthquake.usgs.gov/earthquakes/eventpage/ci1057848,https://earthquake.usgs.gov/fdsnws/event/1/query?eventid=ci1057848&format=geojson,,,,,reviewed,0,63,ci,1057848,",ci1057848,",",ci,",",origin,phase-data,",0,,0.216,78.2,mc,quarry blast,"M 2.0 Quarry Blast - 13km W of Mojave, CA",428,Point,"[-118.32, 35.05, -1.044]",428
0,2.09,"8 km W of Cobb, California",641257040080,1481955343219,,https://earthquake.usgs.gov/earthquakes/eventpage/nc156846,https://earthquake.usgs.gov/fdsnws/event/1/query?eventid=nc156846&format=geojson,,,,,reviewed,0,67,nc,156846,",nc156846,",",nc,",",nearby-cities,origin,phase-data,",8,0.02162,0.01,86,md,earthquake,"M 2.1 - 8 km W of Cobb, California",429,Point,"[-122.8151667, 38.8218333, -0.859]",429
0,2.84,"12 km SE of Mammoth Lakes, California",641252457600,1481955323260,,https://earthquake.usgs.gov/earthquakes/eventpage/nc156702,https://earthquake.usgs.gov/fdsnws/event/1/query?eventid=nc156702&format=geojson,,,,,reviewed,0,124,nc,156702,",nc156702,ci1057843,",",nc,ci,",",focal-mechanism,nearby-cities,origin,phase-data,",37,0.05045,0.05,118,md,earthquake,"M 2.8 - 12 km SE of Mammoth Lakes, California",430,Point,"[-118.8813333, 37.5586667, 3.422]",430
0,2.28,"2km N of Claremont, CA",641249290700,1454623629520,,https://earthquake.usgs.gov/earthquakes/eventpage/ci1057839,https://earthquake.usgs.gov/fdsnws/event/1/query?eventid=ci1057839&format=geojson,,,,,reviewed,0,80,ci,1057839,",ci1057839,",",ci,",",origin,phase-data,",0,,0.064,45.7,mc,earthquake,"M 2.3 - 2km N of Claremont, CA",431,Point,"[-117.717, 34.111, 3.422]",431
0,2.51,"3 km SSE of North Gate, California",641249095200,1481955303430,,https://earthquake.usgs.gov/earthquakes/eventpage/nc156700,https://earthquake.usgs.gov/fdsnws/event/1/query?eventid=nc156700&format=geojson,,,,,reviewed,0,97,nc,156700,",nc156700,",",nc,",",focal-mechanism,nearby-cities,origin,phase-data,",45,0.07027,0.09,62,md,earthquake,"M 2.5 - 3 km SSE of North Gate, California",432,Point,"[-121.9803333, 37.8733333, 5.487]",432
0,2.82,"14 km ESE of Tres Pinos, California",641236515580,1481955274710,,https://earthquake.usgs.gov/earthquakes/eventpage/nc156879,https://earthquake.usgs.gov/fdsnws/event/1/query?eventid=nc156879&format=geojson,,,,,reviewed,0,122,nc,156879,",nc156879,usp00048jd,",",nc,us,",",focal-mechanism,nearby-cities,origin,phase-data,",80,0.05946,0.18,53,md,earthquake,"M 2.8 - 14 km ESE of Tres Pinos, California",433,Point,"[-121.1826667, 36.7238333, 10.883]",433
0,2.11,"6 km SW of Cobb, California",641233601340,1481955251290,,https://earthquake.usgs.gov/earthquakes/eventpage/nc156693,https://earthquake.usgs.gov/fdsnws/event/1/query?eventid=nc156693&format=geojson,,,,,reviewed,0,68,nc,156693,",nc156693,",",nc,",",focal-mechanism,nearby-cities,origin,phase-data,",28,0.02162,0.09,42,md,earthquake,"M 2.1 - 6 km SW of Cobb, California",434,Point,"[-122.782, 38.7883333, 2.021]",434
0,2.81,"1km WSW of Muscoy, CA",641230807240,1454628393840,,https://earthquake.usgs.gov/earthquakes/eventpage/ci1057817,https://earthquake.usgs.gov/fdsnws/event/1/query?eventid=ci1057817&format=geojson,,,,,reviewed,0,121,ci,1057817,",usp00048j9,ci1057817,",",us,ci,",",origin,phase-data,",0,,0.141,38.3,ml,earthquake,"M 2.8 - 1km WSW of Muscoy, CA",435,Point,"[-117.351, 34.151, 7.423]",435
0,2.21,"8km SSE of Yucca Valley, CA",641224282140,1454628393290,,https://earthquake.usgs.gov/earthquakes/eventpage/ci1057813,https://earthquake.usgs.gov/fdsnws/event/1/query?eventid=ci1057813&format=geojson,,,,,reviewed,0,75,ci,1057813,",ci1057813,",",ci,",",origin,phase-data,",0,,0.101,52.3,mc,earthquake,"M 2.2 - 8km SSE of Yucca Valley, CA",436,Point,"[-116.39, 34.054, 3.734]",436
0,2.46,"8km SSE of Yucca Valley, CA",641220762780,1454624314890,,https://earthquake.usgs.gov/earthquakes/eventpage/ci1057811,https://earthquake.usgs.gov/fdsnws/event/1/query?eventid=ci1057811&format=geojson,,,,,reviewed,0,93,ci,1057811,",ci1057811,",",ci,",",origin,phase-data,",0,,0.126,56.9,mc,earthquake,"M 2.5 - 8km SSE of Yucca Valley, CA",437,Point,"[-116.391, 34.054, 3.574]",437
0,2.48,"16km WSW of Lompoc, CA",641206142160,1454625682310,,https://earthquake.usgs.gov/earthquakes/eventpage/ci679254,https://earthquake.usgs.gov/fdsnws/event/1/query?eventid=ci679254&format=geojson,,,,,reviewed,0,95,ci,679254,",ci679254,",",ci,",",origin,phase-data,",0,,0.264,246.4,mc,earthquake,"M 2.5 - 16km WSW of Lompoc, CA",438,Point,"[-120.624, 34.581, 5.307]",438
0,2.3,"4 km N of Corralitos, California",641190544700,1481955177830,,https://earthquake.usgs.gov/earthquakes/eventpage/nc156680,https://earthquake.usgs.gov/fdsnws/event/1/query?eventid=nc156680&format=geojson,,,,,reviewed,0,81,nc,156680,",nc156680,",",nc,",",focal-mechanism,nearby-cities,origin,phase-data,",83,0.01892,0.06,31,md,earthquake,"M 2.3 - 4 km N of Corralitos, California",439,Point,"[-121.8006667, 37.028, 11.587]",439
0,2.02,"5km WNW of Pine Mountain Club, CA",641172316550,1454631134160,,https://earthquake.usgs.gov/earthquakes/eventpage/ci1057791,https://earthquake.usgs.gov/fdsnws/event/1/query?eventid=ci1057791&format=geojson,,,,,reviewed,0,63,ci,1057791,",ci1057791,",",ci,",",origin,phase-data,",0,,0.127,67.9,mc,earthquake,"M 2.0 - 5km WNW of Pine Mountain Club, CA",440,Point,"[-119.204, 34.857, 10.324]",440
0,2.36,"15 km E of Hidden Valley Lake, California",641167064630,1481955117636,,https://earthquake.usgs.gov/earthquakes/eventpage/nc156627,https://earthquake.usgs.gov/fdsnws/event/1/query?eventid=nc156627&format=geojson,,,,,reviewed,0,86,nc,156627,",nc156627,",",nc,",",nearby-cities,origin,phase-data,",7,0.05135,0.18,186,md,quarry blast,"M 2.4 Quarry Blast - 15 km E of Hidden Valley Lake, California",441,Point,"[-122.3828333, 38.8131667, -0.436]",441
0,2.06,Central California,641165182370,1481955108960,,https://earthquake.usgs.gov/earthquakes/eventpage/nc156626,https://earthquake.usgs.gov/fdsnws/event/1/query?eventid=nc156626&format=geojson,,,,,reviewed,0,65,nc,156626,",nc156626,",",nc,",",focal-mechanism,nearby-cities,origin,phase-data,",68,0.02252,0.06,34,md,earthquake,M 2.1 - Central California,442,Point,"[-121.6493333, 36.9116667, 8.028]",442
0,2.14,"0km NNE of Claremont, CA",641154837440,1454629750790,,https://earthquake.usgs.gov/earthquakes/eventpage/ci1057785,https://earthquake.usgs.gov/fdsnws/event/1/query?eventid=ci1057785&format=geojson,,,,,reviewed,0,70,ci,1057785,",ci1057785,",",ci,",",origin,phase-data,",0,,0.084,61.6,mc,earthquake,"M 2.1 - 0km NNE of Claremont, CA",443,Point,"[-117.718, 34.1, 2.663]",443
0,2.17,"2 km E of Alamo, California",641124070730,1481954996840,,https://earthquake.usgs.gov/earthquakes/eventpage/nc156487,https://earthquake.usgs.gov/fdsnws/event/1/query?eventid=nc156487&format=geojson,,,,,reviewed,0,72,nc,156487,",nc156487,",",nc,",",focal-mechanism,nearby-cities,origin,phase-data,",29,0.05586,0.11,95,md,earthquake,"M 2.2 - 2 km E of Alamo, California",444,Point,"[-122.009, 37.8528333, 5.566]",444
0,3.12,"3 km ENE of Alamo, California",641122159430,1481954974070,,https://earthquake.usgs.gov/earthquakes/eventpage/nc156486,https://earthquake.usgs.gov/fdsnws/event/1/query?eventid=nc156486&format=geojson,,,,,reviewed,0,150,nc,156486,",nc156486,usp00048gs,",",nc,us,",",focal-mechanism,impact-text,nearby-cities,origin,phase-data,",79,0.07117,0.09,44,md,earthquake,"M 3.1 - 3 km ENE of Alamo, California",445,Point,"[-121.9966667, 37.8638333, 6.607]",445
0,2,"2 km SSW of Los Altos Hills, California",641119544210,1481954962180,,https://earthquake.usgs.gov/earthquakes/eventpage/nc156608,https://earthquake.usgs.gov/fdsnws/event/1/query?eventid=nc156608&format=geojson,,,,,reviewed,0,62,nc,156608,",nc156608,",",nc,",",focal-mechanism,nearby-cities,origin,phase-data,",35,0.04414,0.1,40,md,earthquake,"M 2.0 - 2 km SSW of Los Altos Hills, California",446,Point,"[-122.1433333, 37.3603333, 4.768]",446
0,2.13,"19km S of Carpinteria, CA",641075135320,1454628391070,,https://earthquake.usgs.gov/earthquakes/eventpage/ci141652,https://earthquake.usgs.gov/fdsnws/event/1/query?eventid=ci141652&format=geojson,,,,,reviewed,0,70,ci,141652,",ci141652,",",ci,",",origin,phase-data,",0,,0.133,139.6,mc,earthquake,"M 2.1 - 19km S of Carpinteria, CA",447,Point,"[-119.54, 34.231, 14.135]",447
0,2.48,"19km S of Carpinteria, CA",641075076510,1454629749500,,https://earthquake.usgs.gov/earthquakes/eventpage/ci1057752,https://earthquake.usgs.gov/fdsnws/event/1/query?eventid=ci1057752&format=geojson,,,,,reviewed,0,95,ci,1057752,",ci1057752,",",ci,",",origin,phase-data,",0,,0.089,110.5,mc,earthquake,"M 2.5 - 19km S of Carpinteria, CA",448,Point,"[-119.538, 34.231, 14.851]",448
0,2.05,"1km N of Claremont, CA",641074030200,1454632493400,,https://earthquake.usgs.gov/earthquakes/eventpage/ci1057751,https://earthquake.usgs.gov/fdsnws/event/1/query?eventid=ci1057751&format=geojson,,,,,reviewed,0,65,ci,1057751,",ci1057751,",",ci,",",origin,phase-data,",0,,0.104,93.6,mc,earthquake,"M 2.1 - 1km N of Claremont, CA",449,Point,"[-117.718, 34.109, 2.673]",449
0,2.35,"15 km W of Guinda, California",641071432450,1481954778571,,https://earthquake.usgs.gov/earthquakes/eventpage/nc1175701,https://earthquake.usgs.gov/fdsnws/event/1/query?eventid=nc1175701&format=geojson,,,,,reviewed,0,85,nc,1175701,",nc1175701,",",nc,",",nearby-cities,origin,phase-data,",11,0.06486,0.38,67,md,quarry blast,"M 2.4 Quarry Blast - 15 km W of Guinda, California",450,Point,"[-122.3716667, 38.832, -0.436]",450
0,2.23,"45km NE of Holtville, CA",641068084580,1454633847570,,https://earthquake.usgs.gov/earthquakes/eventpage/ci679204,https://earthquake.usgs.gov/fdsnws/event/1/query?eventid=ci679204&format=geojson,,,,,reviewed,0,77,ci,679204,",ci679204,",",ci,",",origin,phase-data,",0,,0.139,132.1,mc,quarry blast,"M 2.2 Quarry Blast - 45km NE of Holtville, CA",451,Point,"[-115, 33.06, -0.213]",451
0,2.07,"4 km NNW of Diablo, California",641063105450,1481954745299,,https://earthquake.usgs.gov/earthquakes/eventpage/nc156647,https://earthquake.usgs.gov/fdsnws/event/1/query?eventid=nc156647&format=geojson,,,,,reviewed,0,66,nc,156647,",nc156647,",",nc,",",nearby-cities,origin,phase-data,",20,0.06667,0.06,100,md,earthquake,"M 2.1 - 4 km NNW of Diablo, California",452,Point,"[-121.9726667, 37.8716667, 5.007]",452
0,2.61,"0 km SSW of Mammoth Lakes, California",641058441980,1481954732180,,https://earthquake.usgs.gov/earthquakes/eventpage/nc156570,https://earthquake.usgs.gov/fdsnws/event/1/query?eventid=nc156570&format=geojson,,,,,reviewed,0,105,nc,156570,",nc156570,ci1057743,",",nc,ci,",",focal-mechanism,nearby-cities,origin,phase-data,",33,0.01261,0.05,65,md,earthquake,"M 2.6 - 0 km SSW of Mammoth Lakes, California",453,Point,"[-118.9763333, 37.641, 5.282]",453
0,2.02,"19km S of Carpinteria, CA",641051787070,1454631825500,,https://earthquake.usgs.gov/earthquakes/eventpage/ci1057737,https://earthquake.usgs.gov/fdsnws/event/1/query?eventid=ci1057737&format=geojson,,,,,reviewed,0,63,ci,1057737,",ci1057737,",",ci,",",origin,phase-data,",0,,0.114,111.6,mc,earthquake,"M 2.0 - 19km S of Carpinteria, CA",454,Point,"[-119.542, 34.233, 12.631]",454
0,2.16,"18km S of Carpinteria, CA",641041788060,1454632493000,,https://earthquake.usgs.gov/earthquakes/eventpage/ci1057732,https://earthquake.usgs.gov/fdsnws/event/1/query?eventid=ci1057732&format=geojson,,,,,reviewed,0,72,ci,1057732,",ci1057732,",",ci,",",origin,phase-data,",0,,0.194,97.9,mc,earthquake,"M 2.2 - 18km S of Carpinteria, CA",455,Point,"[-119.545, 34.235, 14.561]",455
0,2.05,"14 km SE of Hidden Valley Lake, California",641037425790,1481954698360,,https://earthquake.usgs.gov/earthquakes/eventpage/nc156565,https://earthquake.usgs.gov/fdsnws/event/1/query?eventid=nc156565&format=geojson,,,,,reviewed,0,65,nc,156565,",nc156565,",",nc,",",focal-mechanism,nearby-cities,origin,phase-data,",32,0.08108,0.15,44,md,earthquake,"M 2.1 - 14 km SE of Hidden Valley Lake, California",456,Point,"[-122.4348333, 38.7235, 7.106]",456
0,2.29,"20 km NW of Parkfield, California",641034845270,1481954690750,,https://earthquake.usgs.gov/earthquakes/eventpage/nc156564,https://earthquake.usgs.gov/fdsnws/event/1/query?eventid=nc156564&format=geojson,,,,,reviewed,0,81,nc,156564,",nc156564,ci1057728,",",nc,ci,",",focal-mechanism,nearby-cities,origin,phase-data,",44,0.03243,0.05,52,md,earthquake,"M 2.3 - 20 km NW of Parkfield, California",457,Point,"[-120.5871667, 36.0375, 7.755]",457
0,2.88,"6 km ENE of Interlaken, California",641030559140,1481954670760,,https://earthquake.usgs.gov/earthquakes/eventpage/nc156562,https://earthquake.usgs.gov/fdsnws/event/1/query?eventid=nc156562&format=geojson,,,,,reviewed,0,128,nc,156562,",nc156562,usp00048f6,",",nc,us,",",focal-mechanism,nearby-cities,origin,phase-data,",83,0.03243,0.11,31,md,earthquake,"M 2.9 - 6 km ENE of Interlaken, California",458,Point,"[-121.6601667, 36.9686667, 3.191]",458
0,2.31,"37 km SSW of South Dos Palos, California",641023085390,1481954650630,,https://earthquake.usgs.gov/earthquakes/eventpage/nc156560,https://earthquake.usgs.gov/fdsnws/event/1/query?eventid=nc156560&format=geojson,,,,,reviewed,0,82,nc,156560,",nc156560,",",nc,",",focal-mechanism,nearby-cities,origin,phase-data,",38,0.04054,0.07,88,md,earthquake,"M 2.3 - 37 km SSW of South Dos Palos, California",459,Point,"[-120.843, 36.6618333, 5.105]",459
0,2.11,"19km NNE of Indio, CA",641015788990,1454626998770,,https://earthquake.usgs.gov/earthquakes/eventpage/ci1057722,https://earthquake.usgs.gov/fdsnws/event/1/query?eventid=ci1057722&format=geojson,,,,,reviewed,0,68,ci,1057722,",ci1057722,",",ci,",",origin,phase-data,",0,,0.129,90.8,mc,earthquake,"M 2.1 - 19km NNE of Indio, CA",460,Point,"[-116.149, 33.878, 2.786]",460
0,2.29,"8 km WNW of Cobb, California",641015265450,1481954638800,,https://earthquake.usgs.gov/earthquakes/eventpage/nc156558,https://earthquake.usgs.gov/fdsnws/event/1/query?eventid=nc156558&format=geojson,,,,,reviewed,0,81,nc,156558,",nc156558,",",nc,",",focal-mechanism,nearby-cities,origin,phase-data,",28,0.03874,0.05,46,md,earthquake,"M 2.3 - 8 km WNW of Cobb, California",461,Point,"[-122.8233333, 38.8396667, 1.959]",461
0,2.09,"4km SE of Lytle Creek, CA",641010621610,1454623627280,,https://earthquake.usgs.gov/earthquakes/eventpage/ci1057720,https://earthquake.usgs.gov/fdsnws/event/1/query?eventid=ci1057720&format=geojson,,,,,reviewed,0,67,ci,1057720,",ci1057720,",",ci,",",origin,phase-data,",0,,0.057,48.7,mc,earthquake,"M 2.1 - 4km SE of Lytle Creek, CA",462,Point,"[-117.463, 34.239, 12.635]",462
0,2.03,"4km NW of Boron, CA",640992035770,1454629054060,,https://earthquake.usgs.gov/earthquakes/eventpage/ci1057714,https://earthquake.usgs.gov/fdsnws/event/1/query?eventid=ci1057714&format=geojson,,,,,reviewed,0,63,ci,1057714,",ci1057714,",",ci,",",origin,phase-data,",0,0.09356,0.096,95.4,mc,quarry blast,"M 2.0 Quarry Blast - 4km NW of Boron, CA",463,Point,"[-117.68, 35.03, -0.766]",463
0,2.06,"7km SSE of Yucca Valley, CA",640986332070,1454628389680,,https://earthquake.usgs.gov/earthquakes/eventpage/ci1057711,https://earthquake.usgs.gov/fdsnws/event/1/query?eventid=ci1057711&format=geojson,,,,,reviewed,0,65,ci,1057711,",ci1057711,",",ci,",",origin,phase-data,",0,,0.215,100.8,mc,earthquake,"M 2.1 - 7km SSE of Yucca Valley, CA",464,Point,"[-116.397, 34.058, 5.22]",464
0,2.82,"17 km NW of Diablo Grande, California",640980565290,1481954533160,,https://earthquake.usgs.gov/earthquakes/eventpage/nc156643,https://earthquake.usgs.gov/fdsnws/event/1/query?eventid=nc156643&format=geojson,,,,,reviewed,0,122,nc,156643,",nc156643,usp00048dp,",",nc,us,",",focal-mechanism,nearby-cities,origin,phase-data,",65,0.03604,0.11,115,md,earthquake,"M 2.8 - 17 km NW of Diablo Grande, California",465,Point,"[-121.4196667, 37.5086667, 2.548]",465
0,2.21,"2 km ESE of Aromas, California",640977445920,1481954513210,,https://earthquake.usgs.gov/earthquakes/eventpage/nc156543,https://earthquake.usgs.gov/fdsnws/event/1/query?eventid=nc156543&format=geojson,,,,,reviewed,0,75,nc,156543,",nc156543,",",nc,",",focal-mechanism,nearby-cities,origin,phase-data,",68,0.01982,0.08,53,md,earthquake,"M 2.2 - 2 km ESE of Aromas, California",466,Point,"[-121.6168333, 36.8833333, 6.768]",466
0,2.71,"4 km E of Interlaken, California",640976598010,1481954500840,,https://earthquake.usgs.gov/earthquakes/eventpage/nc156642,https://earthquake.usgs.gov/fdsnws/event/1/query?eventid=nc156642&format=geojson,,,,,reviewed,0,113,nc,156642,",nc156642,",",nc,",",focal-mechanism,nearby-cities,origin,phase-data,",85,0.01171,0.08,30,md,earthquake,"M 2.7 - 4 km E of Interlaken, California",467,Point,"[-121.6826667, 36.9595, 6.191]",467
0,2.58,"17 km NW of Diablo Grande, California",640970886990,1481954485580,,https://earthquake.usgs.gov/earthquakes/eventpage/nc156540,https://earthquake.usgs.gov/fdsnws/event/1/query?eventid=nc156540&format=geojson,,,,,reviewed,0,102,nc,156540,",nc156540,",",nc,",",focal-mechanism,nearby-cities,origin,phase-data,",67,0.03694,0.1,112,md,earthquake,"M 2.6 - 17 km NW of Diablo Grande, California",468,Point,"[-121.4215, 37.507, 2.758]",468
0,2.11,"19km NNE of Indio, CA",640963415110,1454623626880,,https://earthquake.usgs.gov/earthquakes/eventpage/ci1057688,https://earthquake.usgs.gov/fdsnws/event/1/query?eventid=ci1057688&format=geojson,,,,,reviewed,0,68,ci,1057688,",ci1057688,",",ci,",",origin,phase-data,",0,,0.06,107.7,mc,earthquake,"M 2.1 - 19km NNE of Indio, CA",469,Point,"[-116.159, 33.882, 4.356]",469
0,2.33,"14 km E of Seven Trees, California",640958934350,1481954445070,,https://earthquake.usgs.gov/earthquakes/eventpage/nc156536,https://earthquake.usgs.gov/fdsnws/event/1/query?eventid=nc156536&format=geojson,,,,,reviewed,0,84,nc,156536,",nc156536,",",nc,",",focal-mechanism,nearby-cities,origin,phase-data,",80,0.03784,0.05,51,md,earthquake,"M 2.3 - 14 km E of Seven Trees, California",470,Point,"[-121.6775, 37.2958333, 2.333]",470
0,2.04,"19km NNE of Indio, CA",640958292750,1454624985280,,https://earthquake.usgs.gov/earthquakes/eventpage/ci1057679,https://earthquake.usgs.gov/fdsnws/event/1/query?eventid=ci1057679&format=geojson,,,,,reviewed,0,64,ci,1057679,",ci1057679,",",ci,",",origin,phase-data,",0,,0.073,95.8,mc,earthquake,"M 2.0 - 19km NNE of Indio, CA",471,Point,"[-116.16, 33.882, 4.256]",471
0,2.23,"19km NNE of Indio, CA",640957480060,1454631824070,,https://earthquake.usgs.gov/earthquakes/eventpage/ci1057677,https://earthquake.usgs.gov/fdsnws/event/1/query?eventid=ci1057677&format=geojson,,,,,reviewed,0,77,ci,1057677,",ci1057677,",",ci,",",origin,phase-data,",0,,0.087,70.6,mc,earthquake,"M 2.2 - 19km NNE of Indio, CA",472,Point,"[-116.158, 33.882, 4.146]",472
0,3.63,"18km NNE of Indio, CA",640956439520,1454625677780,,https://earthquake.usgs.gov/earthquakes/eventpage/ci1057675,https://earthquake.usgs.gov/fdsnws/event/1/query?eventid=ci1057675&format=geojson,,,,,reviewed,0,203,ci,1057675,",usp00048d9,ci1057675,",",us,ci,",",impact-text,origin,phase-data,",0,,0.084,70.4,ml,earthquake,"M 3.6 - 18km NNE of Indio, CA",473,Point,"[-116.159, 33.879, 4.156]",473
0,2.24,"13km WSW of Marina del Rey, CA",640937891550,1454627693570,,https://earthquake.usgs.gov/earthquakes/eventpage/ci1057661,https://earthquake.usgs.gov/fdsnws/event/1/query?eventid=ci1057661&format=geojson,,,,,reviewed,0,77,ci,1057661,",ci1057661,",",ci,",",origin,phase-data,",0,,0.065,115.6,mc,earthquake,"M 2.2 - 13km WSW of Marina del Rey, CA",474,Point,"[-118.577, 33.923, 12.554]",474
0,2.03,"3 km NW of Diablo, California",640923174340,1481954287825,,https://earthquake.usgs.gov/earthquakes/eventpage/nc156518,https://earthquake.usgs.gov/fdsnws/event/1/query?eventid=nc156518&format=geojson,,,,,reviewed,0,63,nc,156518,",nc156518,",",nc,",",nearby-cities,origin,phase-data,",11,0.07748,0.07,83,md,earthquake,"M 2.0 - 3 km NW of Diablo, California",475,Point,"[-121.9821667, 37.8635, 5.377]",475
0,2.22,"9km E of Lompoc, CA",640922234620,1454626997060,,https://earthquake.usgs.gov/earthquakes/eventpage/ci1057652,https://earthquake.usgs.gov/fdsnws/event/1/query?eventid=ci1057652&format=geojson,,,,,reviewed,0,76,ci,1057652,",ci1057652,",",ci,",",origin,phase-data,",0,,0.03,94.9,mc,earthquake,"M 2.2 - 9km E of Lompoc, CA",476,Point,"[-120.362, 34.634, 0.297]",476
0,2.82,"4 km ENE of Interlaken, California",640919495810,1481954265420,,https://earthquake.usgs.gov/earthquakes/eventpage/nc156656,https://earthquake.usgs.gov/fdsnws/event/1/query?eventid=nc156656&format=geojson,,,,,reviewed,0,122,nc,156656,",nc156656,usp00048cq,",",nc,us,",",focal-mechanism,nearby-cities,origin,phase-data,",90,0.01081,0.08,24,md,earthquake,"M 2.8 - 4 km ENE of Interlaken, California",477,Point,"[-121.6848333, 36.9598333, 6.641]",477
0,2.4,"14 km W of Guinda, California",640907778060,1481954225257,,https://earthquake.usgs.gov/earthquakes/eventpage/nc156509,https://earthquake.usgs.gov/fdsnws/event/1/query?eventid=nc156509&format=geojson,,,,,reviewed,0,89,nc,156509,",nc156509,",",nc,",",nearby-cities,origin,phase-data,",13,0.06667,0.19,66,md,quarry blast,"M 2.4 Quarry Blast - 14 km W of Guinda, California",478,Point,"[-122.3651667, 38.8218333, -0.436]",478
0,2.16,"4km NW of Boron, CA",640906073870,1454624312220,,https://earthquake.usgs.gov/earthquakes/eventpage/ci1057644,https://earthquake.usgs.gov/fdsnws/event/1/query?eventid=ci1057644&format=geojson,,,,,reviewed,0,72,ci,1057644,",ci1057644,",",ci,",",origin,phase-data,",0,,0.193,76.2,mc,quarry blast,"M 2.2 Quarry Blast - 4km NW of Boron, CA",479,Point,"[-117.68, 35.03, -0.861]",479
0,2.02,"9 km ESE of Mammoth Lakes, California",640901543530,1481954206783,,https://earthquake.usgs.gov/earthquakes/eventpage/nc156504,https://earthquake.usgs.gov/fdsnws/event/1/query?eventid=nc156504&format=geojson,,,,,reviewed,0,63,nc,156504,",nc156504,",",nc,",",nearby-cities,origin,phase-data,",24,0.01081,0.04,64,md,earthquake,"M 2.0 - 9 km ESE of Mammoth Lakes, California",480,Point,"[-118.8688333, 37.6195, 5.07]",480
0,2.34,"33km NNW of Joshua Tree, CA",640897152250,1454624984320,,https://earthquake.usgs.gov/earthquakes/eventpage/ci1057640,https://earthquake.usgs.gov/fdsnws/event/1/query?eventid=ci1057640&format=geojson,,,,,reviewed,0,84,ci,1057640,",ci1057640,",",ci,",",origin,phase-data,",0,,0.086,104,mc,earthquake,"M 2.3 - 33km NNW of Joshua Tree, CA",481,Point,"[-116.425, 34.417, 4.716]",481
0,2.97,"12km ENE of Ocotillo Wells, CA",640893594660,1454624311640,,https://earthquake.usgs.gov/earthquakes/eventpage/ci1057639,https://earthquake.usgs.gov/fdsnws/event/1/query?eventid=ci1057639&format=geojson,,,,,reviewed,0,136,ci,1057639,",ci1057639,",",ci,",",origin,phase-data,",0,,0.132,31.2,mc,earthquake,"M 3.0 - 12km ENE of Ocotillo Wells, CA",482,Point,"[-116.015, 33.186, 5.254]",482
0,2.47,"1 km ENE of Aromas, California",640877798130,1481954134910,,https://earthquake.usgs.gov/earthquakes/eventpage/nc156493,https://earthquake.usgs.gov/fdsnws/event/1/query?eventid=nc156493&format=geojson,,,,,reviewed,0,94,nc,156493,",nc156493,",",nc,",",focal-mechanism,nearby-cities,origin,phase-data,",79,0.03153,0.08,46,md,earthquake,"M 2.5 - 1 km ENE of Aromas, California",483,Point,"[-121.6288333, 36.8943333, 7.021]",483
0,2.25,"1km E of Kernville, CA",640877265150,1454624311080,,https://earthquake.usgs.gov/earthquakes/eventpage/ci1057629,https://earthquake.usgs.gov/fdsnws/event/1/query?eventid=ci1057629&format=geojson,,,,,reviewed,0,78,ci,1057629,",ci1057629,",",ci,",",origin,phase-data,",0,,0.068,109.8,mc,earthquake,"M 2.3 - 1km E of Kernville, CA",484,Point,"[-118.41, 35.756, 10.815]",484
0,2.85,"11km SW of Salton City, CA",640875689690,1454631130750,,https://earthquake.usgs.gov/earthquakes/eventpage/ci1057628,https://earthquake.usgs.gov/fdsnws/event/1/query?eventid=ci1057628&format=geojson,,,,,reviewed,0,125,ci,1057628,",ci1057628,",",ci,",",origin,phase-data,",0,,0.143,29.7,mc,earthquake,"M 2.9 - 11km SW of Salton City, CA",485,Point,"[-116.045, 33.228, 4.199]",485
0,2.35,"2km N of Claremont, CA",640874189460,1454629746910,,https://earthquake.usgs.gov/earthquakes/eventpage/ci1057625,https://earthquake.usgs.gov/fdsnws/event/1/query?eventid=ci1057625&format=geojson,,,,,reviewed,0,85,ci,1057625,",ci1057625,",",ci,",",origin,phase-data,",0,,0.11,52.2,mc,earthquake,"M 2.4 - 2km N of Claremont, CA",486,Point,"[-117.722, 34.113, 3.213]",486
0,3.16,"7km SE of Yucca Valley, CA",640863016490,1454629051650,,https://earthquake.usgs.gov/earthquakes/eventpage/ci1057623,https://earthquake.usgs.gov/fdsnws/event/1/query?eventid=ci1057623&format=geojson,,,,,reviewed,0,154,ci,1057623,",usp00048bx,ci1057623,",",us,ci,",",origin,phase-data,",0,,0.061,53.5,ml,earthquake,"M 3.2 - 7km SE of Yucca Valley, CA",487,Point,"[-116.39, 34.063, 2.993]",487
0,2.8,"7km SE of Yucca Valley, CA",640862948710,1454626336330,,https://earthquake.usgs.gov/earthquakes/eventpage/ci141634,https://earthquake.usgs.gov/fdsnws/event/1/query?eventid=ci141634&format=geojson,,,,,reviewed,0,121,ci,141634,",ci141634,",",ci,",",origin,phase-data,",0,,0.109,54,mc,earthquake,"M 2.8 - 7km SE of Yucca Valley, CA",488,Point,"[-116.389, 34.065, 3.033]",488
0,2.11,"4 km ESE of Interlaken, California",640854373150,1481954088830,,https://earthquake.usgs.gov/earthquakes/eventpage/nc156465,https://earthquake.usgs.gov/fdsnws/event/1/query?eventid=nc156465&format=geojson,,,,,reviewed,0,68,nc,156465,",nc156465,",",nc,",",focal-mechanism,nearby-cities,origin,phase-data,",86,0.01622,0.06,54,md,earthquake,"M 2.1 - 4 km ESE of Interlaken, California",489,Point,"[-121.6831667, 36.94, 11.161]",489
0,3.3,"10 km SSW of Doyle, California",640847115680,1481954052303,,https://earthquake.usgs.gov/earthquakes/eventpage/nc1175614,https://earthquake.usgs.gov/fdsnws/event/1/query?eventid=nc1175614&format=geojson,,,,,reviewed,0,168,nc,1175614,",nc1175614,",",nc,",",nearby-cities,origin,phase-data,",19,0.9495,0.24,240,ml,earthquake,"M 3.3 - 10 km SSW of Doyle, California",490,Point,"[-120.1448333, 39.9355, -0.881]",490
0,2.06,"25 km NNE of King City, California",640844085420,1481954043700,,https://earthquake.usgs.gov/earthquakes/eventpage/nc156458,https://earthquake.usgs.gov/fdsnws/event/1/query?eventid=nc156458&format=geojson,,,,,reviewed,0,65,nc,156458,",nc156458,",",nc,",",focal-mechanism,nearby-cities,origin,phase-data,",34,0.03964,0.07,76,md,earthquake,"M 2.1 - 25 km NNE of King City, California",491,Point,"[-120.9748333, 36.4083333, 1.471]",491
0,2.48,"1 km NE of Aromas, California",640836103370,1481954024400,,https://earthquake.usgs.gov/earthquakes/eventpage/nc156453,https://earthquake.usgs.gov/fdsnws/event/1/query?eventid=nc156453&format=geojson,,,,,reviewed,0,95,nc,156453,",nc156453,",",nc,",",focal-mechanism,nearby-cities,origin,phase-data,",86,0.03063,0.09,43,md,earthquake,"M 2.5 - 1 km NE of Aromas, California",492,Point,"[-121.6266667, 36.8976667, 5.201]",492
0,2.27,"11km SW of Salton City, CA",640832332690,1454626995520,,https://earthquake.usgs.gov/earthquakes/eventpage/ci1057608,https://earthquake.usgs.gov/fdsnws/event/1/query?eventid=ci1057608&format=geojson,,,,,reviewed,0,79,ci,1057608,",ci1057608,",",ci,",",origin,phase-data,",0,,0.112,51.4,mc,earthquake,"M 2.3 - 11km SW of Salton City, CA",493,Point,"[-116.047, 33.232, 4.139]",493
0,2.41,"6km SE of Yucca Valley, CA",640829775190,1454629745990,,https://earthquake.usgs.gov/earthquakes/eventpage/ci1057606,https://earthquake.usgs.gov/fdsnws/event/1/query?eventid=ci1057606&format=geojson,,,,,reviewed,0,89,ci,1057606,",ci1057606,",",ci,",",origin,phase-data,",0,,0.088,56.4,mc,earthquake,"M 2.4 - 6km SE of Yucca Valley, CA",494,Point,"[-116.392, 34.074, 1.134]",494
0,2.19,"12 km WSW of Hopland, California",640828428200,1481954006263,,https://earthquake.usgs.gov/earthquakes/eventpage/nc156451,https://earthquake.usgs.gov/fdsnws/event/1/query?eventid=nc156451&format=geojson,,,,,reviewed,0,74,nc,156451,",nc156451,",",nc,",",nearby-cities,origin,phase-data,",22,0.04685,0.09,74,md,earthquake,"M 2.2 - 12 km WSW of Hopland, California",495,Point,"[-123.2506667, 38.9271667, -0.699]",495
0,2.14,"7 km WSW of Cobb, California",640828274530,1481954002788,,https://earthquake.usgs.gov/earthquakes/eventpage/nc156450,https://earthquake.usgs.gov/fdsnws/event/1/query?eventid=nc156450&format=geojson,,,,,reviewed,0,70,nc,156450,",nc156450,",",nc,",",nearby-cities,origin,phase-data,",17,0.01171,0.02,94,md,earthquake,"M 2.1 - 7 km WSW of Cobb, California",496,Point,"[-122.8023333, 38.7976667, 2.061]",496
0,2,"6 km W of Cobb, California",640801706690,1481953932058,,https://earthquake.usgs.gov/earthquakes/eventpage/nc156439,https://earthquake.usgs.gov/fdsnws/event/1/query?eventid=nc156439&format=geojson,,,,,reviewed,0,62,nc,156439,",nc156439,",",nc,",",nearby-cities,origin,phase-data,",22,0.01622,0.04,53,md,earthquake,"M 2.0 - 6 km W of Cobb, California",497,Point,"[-122.796, 38.8243333, 2.021]",497
0,2.55,"6 km WSW of Cobb, California",640801246490,1481953923230,,https://earthquake.usgs.gov/earthquakes/eventpage/nc156438,https://earthquake.usgs.gov/fdsnws/event/1/query?eventid=nc156438&format=geojson,,,,,reviewed,0,100,nc,156438,",nc156438,",",nc,",",focal-mechanism,nearby-cities,origin,phase-data,",37,0.002703,0.14,49,md,earthquake,"M 2.6 - 6 km WSW of Cobb, California",498,Point,"[-122.791, 38.8068333, -0.179]",498
0,3.3,"5 km W of Cobb, California",640800998870,1481953907930,,https://earthquake.usgs.gov/earthquakes/eventpage/nc156437,https://earthquake.usgs.gov/fdsnws/event/1/query?eventid=nc156437&format=geojson,,,,,reviewed,0,168,nc,156437,",nc156437,usp00048aw,",",nc,us,",",focal-mechanism,impact-text,nearby-cities,origin,phase-data,",49,0.01802,0.06,49,md,earthquake,"M 3.3 - 5 km W of Cobb, California",499,Point,"[-122.7911667, 38.8258333, 1.241]",499
0,3.3,"22 km NNE of Soledad, California",640792923950,1481953866350,,https://earthquake.usgs.gov/earthquakes/eventpage/nc20091193,https://earthquake.usgs.gov/fdsnws/event/1/query?eventid=nc20091193&format=geojson,,,,,reviewed,0,168,nc,20091193,",nc20091193,usp00048am,",",nc,us,",",focal-mechanism,nearby-cities,origin,phase-data,",89,0.02883,0.07,29,ml,earthquake,"M 3.3 - 22 km NNE of Soledad, California",500,Point,"[-121.209, 36.5998333, 8.963]",500
0,2.09,"3 km NNW of Aromas, California",640778928800,1481953837170,,https://earthquake.usgs.gov/earthquakes/eventpage/nc156428,https://earthquake.usgs.gov/fdsnws/event/1/query?eventid=nc156428&format=geojson,,,,,reviewed,0,67,nc,156428,",nc156428,",",nc,",",focal-mechanism,nearby-cities,origin,phase-data,",61,0.01081,0.08,42,md,earthquake,"M 2.1 - 3 km NNW of Aromas, California",501,Point,"[-121.6565, 36.9213333, 7.648]",501
0,2.04,"11km N of Borrego Springs, CA",640776275250,1454627690020,,https://earthquake.usgs.gov/earthquakes/eventpage/ci1057576,https://earthquake.usgs.gov/fdsnws/event/1/query?eventid=ci1057576&format=geojson,,,,,reviewed,0,64,ci,1057576,",ci1057576,",",ci,",",origin,phase-data,",0,,0.084,89.6,mc,earthquake,"M 2.0 - 11km N of Borrego Springs, CA",502,Point,"[-116.353, 33.357, 11.86]",502
0,2.48,"11 km SSW of Cantua Creek, California",640773802090,1481953813950,,https://earthquake.usgs.gov/earthquakes/eventpage/nc156426,https://earthquake.usgs.gov/fdsnws/event/1/query?eventid=nc156426&format=geojson,,,,,reviewed,0,95,nc,156426,",nc156426,ci1057575,",",nc,ci,",",focal-mechanism,nearby-cities,origin,phase-data,",43,0.06577,0.14,66,md,earthquake,"M 2.5 - 11 km SSW of Cantua Creek, California",503,Point,"[-120.3456667, 36.3991667, 8.324]",503
0,2,"9 km SSW of Ridgemark, California",640763635760,1481953768810,,https://earthquake.usgs.gov/earthquakes/eventpage/nc156394,https://earthquake.usgs.gov/fdsnws/event/1/query?eventid=nc156394&format=geojson,,,,,reviewed,0,62,nc,156394,",nc156394,",",nc,",",focal-mechanism,nearby-cities,origin,phase-data,",54,0.01441,0.08,32,md,earthquake,"M 2.0 - 9 km SSW of Ridgemark, California",504,Point,"[-121.4048333, 36.7351667, 6.438]",504
0,2.28,"7km NNE of Joshua Tree, CA",640756121870,1454631822200,,https://earthquake.usgs.gov/earthquakes/eventpage/ci1057573,https://earthquake.usgs.gov/fdsnws/event/1/query?eventid=ci1057573&format=geojson,,,,,reviewed,0,80,ci,1057573,",ci1057573,",",ci,",",origin,phase-data,",0,,0.064,163.2,mc,earthquake,"M 2.3 - 7km NNE of Joshua Tree, CA",505,Point,"[-116.296, 34.193, 5.1]",505
0,2.3,"12km ENE of Thermal, CA",640755916420,1454631821770,,https://earthquake.usgs.gov/earthquakes/eventpage/ci141631,https://earthquake.usgs.gov/fdsnws/event/1/query?eventid=ci141631&format=geojson,,,,,reviewed,0,81,ci,141631,",ci141631,",",ci,",",origin,phase-data,",0,,0.053,183.1,mc,earthquake,"M 2.3 - 12km ENE of Thermal, CA",506,Point,"[-116.015, 33.677, 10.916]",506
0,3.8,"1 km NNE of Aromas, California",640749615400,1481953724610,,https://earthquake.usgs.gov/earthquakes/eventpage/nc20091192,https://earthquake.usgs.gov/fdsnws/event/1/query?eventid=nc20091192&format=geojson,,,,,reviewed,0,222,nc,20091192,",nc20091192,usp000489x,",",nc,us,",",focal-mechanism,impact-text,nearby-cities,origin,phase-data,",100,0.03694,0.09,39,ml,earthquake,"M 3.8 - 1 km NNE of Aromas, California",507,Point,"[-121.6326667, 36.903, 5.781]",507
0,3.13,"12km SSE of Twentynine Palms, CA",640746636410,1454631129750,,https://earthquake.usgs.gov/earthquakes/eventpage/ci1057566,https://earthquake.usgs.gov/fdsnws/event/1/query?eventid=ci1057566&format=geojson,,,,,reviewed,0,151,ci,1057566,",ci1057566,",",ci,",",origin,phase-data,",0,,0.09,122.4,ml,earthquake,"M 3.1 - 12km SSE of Twentynine Palms, CA",508,Point,"[-116.024, 34.034, 0.483]",508
0,2.06,"4 km NNW of Aromas, California",640731620480,1481953656480,,https://earthquake.usgs.gov/earthquakes/eventpage/nc156379,https://earthquake.usgs.gov/fdsnws/event/1/query?eventid=nc156379&format=geojson,,,,,reviewed,0,65,nc,156379,",nc156379,",",nc,",",focal-mechanism,nearby-cities,origin,phase-data,",79,0.01081,0.06,48,md,earthquake,"M 2.1 - 4 km NNW of Aromas, California",509,Point,"[-121.6655, 36.9211667, 11.198]",509
0,2.28,"4 km NNW of Aromas, California",640723089320,1481953601310,,https://earthquake.usgs.gov/earthquakes/eventpage/nc156373,https://earthquake.usgs.gov/fdsnws/event/1/query?eventid=nc156373&format=geojson,,,,,reviewed,0,80,nc,156373,",nc156373,",",nc,",",focal-mechanism,nearby-cities,origin,phase-data,",83,0.00991,0.07,49,md,earthquake,"M 2.3 - 4 km NNW of Aromas, California",510,Point,"[-121.6661667, 36.9216667, 11.108]",510
0,2.43,"19km NNE of Indio, CA",640718945290,1454631129130,,https://earthquake.usgs.gov/earthquakes/eventpage/ci1057559,https://earthquake.usgs.gov/fdsnws/event/1/query?eventid=ci1057559&format=geojson,,,,,reviewed,0,91,ci,1057559,",ci1057559,",",ci,",",origin,phase-data,",0,,0.074,72,mc,earthquake,"M 2.4 - 19km NNE of Indio, CA",511,Point,"[-116.151, 33.879, 1.646]",511
0,2.18,"4 km ESE of Interlaken, California",640709094560,1481953534810,,https://earthquake.usgs.gov/earthquakes/eventpage/nc156362,https://earthquake.usgs.gov/fdsnws/event/1/query?eventid=nc156362&format=geojson,,,,,reviewed,0,73,nc,156362,",nc156362,",",nc,",",focal-mechanism,nearby-cities,origin,phase-data,",88,0.01712,0.06,55,md,earthquake,"M 2.2 - 4 km ESE of Interlaken, California",512,Point,"[-121.6806667, 36.9393333, 10.371]",512
0,2.67,"40km ESE of Avalon, CA",640704935290,1454629048860,,https://earthquake.usgs.gov/earthquakes/eventpage/ci1057552,https://earthquake.usgs.gov/fdsnws/event/1/query?eventid=ci1057552&format=geojson,,,,,reviewed,0,110,ci,1057552,",ci1057552,",",ci,",",origin,phase-data,",0,,0.372,137.6,mc,earthquake,"M 2.7 - 40km ESE of Avalon, CA",513,Point,"[-117.964, 33.153, 5.682]",513
0,2.04,"8 km N of Morgan Hill, California",640696730720,1481953489020,,https://earthquake.usgs.gov/earthquakes/eventpage/nc156471,https://earthquake.usgs.gov/fdsnws/event/1/query?eventid=nc156471&format=geojson,,,,,reviewed,0,64,nc,156471,",nc156471,",",nc,",",focal-mechanism,nearby-cities,origin,phase-data,",62,0.04144,0.08,60,md,earthquake,"M 2.0 - 8 km N of Morgan Hill, California",514,Point,"[-121.6406667, 37.2021667, 7.166]",514
0,2.08,"13km SE of Olancha, CA",640695510550,1454629047840,,https://earthquake.usgs.gov/earthquakes/eventpage/ci1057544,https://earthquake.usgs.gov/fdsnws/event/1/query?eventid=ci1057544&format=geojson,,,,,reviewed,0,67,ci,1057544,",ci1057544,",",ci,",",origin,phase-data,",0,,0.054,248.3,mc,earthquake,"M 2.1 - 13km SE of Olancha, CA",515,Point,"[-117.885, 36.216, 2.922]",515
0,2.08,"3 km NNW of Aromas, California",640687344700,1481953448480,,https://earthquake.usgs.gov/earthquakes/eventpage/nc156326,https://earthquake.usgs.gov/fdsnws/event/1/query?eventid=nc156326&format=geojson,,,,,reviewed,0,67,nc,156326,",nc156326,",",nc,",",focal-mechanism,nearby-cities,origin,phase-data,",74,0.01261,0.08,43,md,earthquake,"M 2.1 - 3 km NNW of Aromas, California",516,Point,"[-121.66, 36.919, 8.428]",516
0,2.06,"14 km NNW of Moskowite Corner, California",640683587480,1481953433355,,https://earthquake.usgs.gov/earthquakes/eventpage/nc156324,https://earthquake.usgs.gov/fdsnws/event/1/query?eventid=nc156324&format=geojson,,,,,reviewed,0,65,nc,156324,",nc156324,",",nc,",",nearby-cities,origin,phase-data,",21,0.002703,0.15,76,md,earthquake,"M 2.1 - 14 km NNW of Moskowite Corner, California",517,Point,"[-122.2671667, 38.564, 1.598]",517
0,2.2,"21 km NNE of Soledad, California",640679719790,1481953415740,,https://earthquake.usgs.gov/earthquakes/eventpage/nc156319,https://earthquake.usgs.gov/fdsnws/event/1/query?eventid=nc156319&format=geojson,,,,,reviewed,0,74,nc,156319,",nc156319,",",nc,",",focal-mechanism,nearby-cities,origin,phase-data,",57,0.01892,0.05,35,md,earthquake,"M 2.2 - 21 km NNE of Soledad, California",518,Point,"[-121.1988333, 36.5923333, 7.645]",518
0,2.18,"2 km ENE of Alamo, California",640673855140,1481953381660,,https://earthquake.usgs.gov/earthquakes/eventpage/nc156314,https://earthquake.usgs.gov/fdsnws/event/1/query?eventid=nc156314&format=geojson,,,,,reviewed,0,73,nc,156314,",nc156314,",",nc,",",focal-mechanism,nearby-cities,origin,phase-data,",39,0.06036,0.1,54,md,earthquake,"M 2.2 - 2 km ENE of Alamo, California",519,Point,"[-122.0098333, 37.8595, 5.366]",519
0,2.58,"2 km NNW of Aromas, California",640663637760,1481953328880,,https://earthquake.usgs.gov/earthquakes/eventpage/nc157135,https://earthquake.usgs.gov/fdsnws/event/1/query?eventid=nc157135&format=geojson,,,,,reviewed,0,102,nc,157135,",nc157135,",",nc,",",focal-mechanism,nearby-cities,origin,phase-data,",92,0.02252,0.07,35,md,earthquake,"M 2.6 - 2 km NNW of Aromas, California",520,Point,"[-121.6551667, 36.9093333, 10.753]",520
0,2.62,"1km SSE of Beatty, NV",640653815730,1454627687940,,https://earthquake.usgs.gov/earthquakes/eventpage/ci678999,https://earthquake.usgs.gov/fdsnws/event/1/query?eventid=ci678999&format=geojson,,,,,reviewed,0,106,ci,678999,",ci678999,",",ci,",",origin,phase-data,",0,,0.28,218.7,mc,quarry blast,"M 2.6 Quarry Blast - 1km SSE of Beatty, NV",521,Point,"[-116.75, 36.9, -1.039]",521
0,2.31,"18km NNE of Indio, CA",640650366680,1454626333640,,https://earthquake.usgs.gov/earthquakes/eventpage/ci1057533,https://earthquake.usgs.gov/fdsnws/event/1/query?eventid=ci1057533&format=geojson,,,,,reviewed,0,82,ci,1057533,",ci1057533,",",ci,",",origin,phase-data,",0,,0.066,71.7,mc,earthquake,"M 2.3 - 18km NNE of Indio, CA",522,Point,"[-116.152, 33.875, 3.476]",522
0,2.07,"4km NW of Boron, CA",640638214320,1454626992770,,https://earthquake.usgs.gov/earthquakes/eventpage/ci1057526,https://earthquake.usgs.gov/fdsnws/event/1/query?eventid=ci1057526&format=geojson,,,,,reviewed,0,66,ci,1057526,",ci1057526,",",ci,",",origin,phase-data,",0,,0.043,137.5,mc,quarry blast,"M 2.1 Quarry Blast - 4km NW of Boron, CA",523,Point,"[-117.68, 35.03, -0.791]",523
0,2.69,"19km NNE of Indio, CA",640633684870,1454624308850,,https://earthquake.usgs.gov/earthquakes/eventpage/ci1057520,https://earthquake.usgs.gov/fdsnws/event/1/query?eventid=ci1057520&format=geojson,,,,,reviewed,0,111,ci,1057520,",ci1057520,",",ci,",",origin,phase-data,",0,,0.101,70.3,ml,earthquake,"M 2.7 - 19km NNE of Indio, CA",524,Point,"[-116.16, 33.883, 3.976]",524
0,2.46,"1 km S of Mammoth Lakes, California",640633349680,1481953067320,,https://earthquake.usgs.gov/earthquakes/eventpage/nc156256,https://earthquake.usgs.gov/fdsnws/event/1/query?eventid=nc156256&format=geojson,,,,,reviewed,0,93,nc,156256,",nc156256,ci678980,",",nc,ci,",",focal-mechanism,nearby-cities,origin,phase-data,",38,0.008108,0.08,64,md,earthquake,"M 2.5 - 1 km S of Mammoth Lakes, California",525,Point,"[-118.9723333, 37.6378333, 5.469]",525
0,2.24,"2 km NNE of Aromas, California",640621123120,1481953027270,,https://earthquake.usgs.gov/earthquakes/eventpage/nc156252,https://earthquake.usgs.gov/fdsnws/event/1/query?eventid=nc156252&format=geojson,,,,,reviewed,0,77,nc,156252,",nc156252,",",nc,",",focal-mechanism,nearby-cities,origin,phase-data,",49,0.03243,0.09,35,md,earthquake,"M 2.2 - 2 km NNE of Aromas, California",526,Point,"[-121.6346667, 36.9073333, 4.118]",526
0,2.08,"20km ESE of Ocotillo Wells, CA",640614386400,1454629744970,,https://earthquake.usgs.gov/earthquakes/eventpage/ci1057511,https://earthquake.usgs.gov/fdsnws/event/1/query?eventid=ci1057511&format=geojson,,,,,reviewed,0,67,ci,1057511,",ci1057511,",",ci,",",origin,phase-data,",0,0.1029,0.148,96.5,mc,earthquake,"M 2.1 - 20km ESE of Ocotillo Wells, CA",527,Point,"[-115.925, 33.079, 6.709]",527
0,2.29,"10km WNW of Twentynine Palms, CA",640610631200,1454627686550,,https://earthquake.usgs.gov/earthquakes/eventpage/ci1057507,https://earthquake.usgs.gov/fdsnws/event/1/query?eventid=ci1057507&format=geojson,,,,,reviewed,0,81,ci,1057507,",ci1057507,",",ci,",",origin,phase-data,",0,,0.076,126,mc,earthquake,"M 2.3 - 10km WNW of Twentynine Palms, CA",528,Point,"[-116.162, 34.183, 11.914]",528
0,2.24,"2km NNE of Claremont, CA",640607337030,1454629744500,,https://earthquake.usgs.gov/earthquakes/eventpage/ci1057503,https://earthquake.usgs.gov/fdsnws/event/1/query?eventid=ci1057503&format=geojson,,,,,reviewed,0,77,ci,1057503,",ci1057503,",",ci,",",origin,phase-data,",0,0.03482,0.096,156.9,mc,earthquake,"M 2.2 - 2km NNE of Claremont, CA",529,Point,"[-117.708, 34.114, 2.75]",529
0,2.11,"18km NNE of Indio, CA",640606690930,1454625673260,,https://earthquake.usgs.gov/earthquakes/eventpage/ci1057502,https://earthquake.usgs.gov/fdsnws/event/1/query?eventid=ci1057502&format=geojson,,,,,reviewed,0,68,ci,1057502,",ci1057502,",",ci,",",origin,phase-data,",0,,0.086,93.6,mc,earthquake,"M 2.1 - 18km NNE of Indio, CA",530,Point,"[-116.158, 33.877, 3.536]",530
0,2.53,"13 km NW of Circleville, Utah",640604112970,1535429124470,,https://earthquake.usgs.gov/earthquakes/eventpage/uu50049355,https://earthquake.usgs.gov/fdsnws/event/1/query?eventid=uu50049355&format=geojson,,,,,reviewed,0,98,uu,50049355,",uu50049355,",",uu,",",origin,phase-data,",8,0.452,0.16,160,md,earthquake,"M 2.5 - 13 km NW of Circleville, Utah",531,Point,"[-112.3745, 38.2618333, 10.36]",531
0,2.1,"4 km NNW of Aromas, California",640597345370,1481952943470,,https://earthquake.usgs.gov/earthquakes/eventpage/nc156653,https://earthquake.usgs.gov/fdsnws/event/1/query?eventid=nc156653&format=geojson,,,,,reviewed,0,68,nc,156653,",nc156653,",",nc,",",focal-mechanism,nearby-cities,origin,phase-data,",48,0.009009,0.07,46,md,earthquake,"M 2.1 - 4 km NNW of Aromas, California",532,Point,"[-121.6613333, 36.9221667, 8.388]",532
0,2.56,"18km N of Joshua Tree, CA",640596053440,1454627686030,,https://earthquake.usgs.gov/earthquakes/eventpage/ci1057499,https://earthquake.usgs.gov/fdsnws/event/1/query?eventid=ci1057499&format=geojson,,,,,reviewed,0,101,ci,1057499,",ci1057499,",",ci,",",origin,phase-data,",0,,0.094,113.5,mc,earthquake,"M 2.6 - 18km N of Joshua Tree, CA",533,Point,"[-116.336, 34.298, 3.84]",533
0,2.01,"1km NNE of Claremont, CA",640595010630,1454624980210,,https://earthquake.usgs.gov/earthquakes/eventpage/ci1057498,https://earthquake.usgs.gov/fdsnws/event/1/query?eventid=ci1057498&format=geojson,,,,,reviewed,0,62,ci,1057498,",ci1057498,",",ci,",",origin,phase-data,",0,,0.091,95.6,mc,earthquake,"M 2.0 - 1km NNE of Claremont, CA",534,Point,"[-117.717, 34.107, 2.983]",534
0,2.25,"44km WSW of Carlsbad, CA",640593724230,1454633844450,,https://earthquake.usgs.gov/earthquakes/eventpage/ci678949,https://earthquake.usgs.gov/fdsnws/event/1/query?eventid=ci678949&format=geojson,,,,,reviewed,0,78,ci,678949,",ci678949,",",ci,",",origin,phase-data,",0,,0.234,153.2,mc,earthquake,"M 2.3 - 44km WSW of Carlsbad, CA",535,Point,"[-117.81, 33.048, 5.608]",535
0,2.62,"1 km E of Aromas, California",640591148120,1481952861620,,https://earthquake.usgs.gov/earthquakes/eventpage/nc156649,https://earthquake.usgs.gov/fdsnws/event/1/query?eventid=nc156649&format=geojson,,,,,reviewed,0,106,nc,156649,",nc156649,",",nc,",",focal-mechanism,nearby-cities,origin,phase-data,",90,0.02703,0.09,53,md,earthquake,"M 2.6 - 1 km E of Aromas, California",536,Point,"[-121.6258333, 36.886, 8.138]",536
0,2.09,"4 km ESE of Aromas, California",640582353610,1481952837120,,https://earthquake.usgs.gov/earthquakes/eventpage/nc156195,https://earthquake.usgs.gov/fdsnws/event/1/query?eventid=nc156195&format=geojson,,,,,reviewed,0,67,nc,156195,",nc156195,",",nc,",",focal-mechanism,nearby-cities,origin,phase-data,",57,0.01892,0.09,51,md,earthquake,"M 2.1 - 4 km ESE of Aromas, California",537,Point,"[-121.5968333, 36.8655, 5.717]",537
0,2.42,"3 km SW of Hollister, California",640581903360,1481952818800,,https://earthquake.usgs.gov/earthquakes/eventpage/nc156648,https://earthquake.usgs.gov/fdsnws/event/1/query?eventid=nc156648&format=geojson,,,,,reviewed,0,90,nc,156648,",nc156648,",",nc,",",focal-mechanism,nearby-cities,origin,phase-data,",91,0.02703,0.25,27,md,earthquake,"M 2.4 - 3 km SW of Hollister, California",538,Point,"[-121.4255, 36.8333333, 7.578]",538
0,3.74,"2km N of Claremont, CA",640581886240,1454627685470,,https://earthquake.usgs.gov/earthquakes/eventpage/ci1057490,https://earthquake.usgs.gov/fdsnws/event/1/query?eventid=ci1057490&format=geojson,,,,,reviewed,0,215,ci,1057490,",usp000486j,ci1057490,",",us,ci,",",impact-text,origin,phase-data,",0,,0.115,42.5,ml,earthquake,"M 3.7 - 2km N of Claremont, CA",539,Point,"[-117.72, 34.116, 2.853]",539
0,2.03,"24km NNW of Borrego Springs, CA",640578296470,1454628384000,,https://earthquake.usgs.gov/earthquakes/eventpage/ci1057487,https://earthquake.usgs.gov/fdsnws/event/1/query?eventid=ci1057487&format=geojson,,,,,reviewed,0,63,ci,1057487,",ci1057487,",",ci,",",origin,phase-data,",0,,0.142,85.3,mc,earthquake,"M 2.0 - 24km NNW of Borrego Springs, CA",540,Point,"[-116.433, 33.467, 7.729]",540
0,2.28,"25km NE of Lamont, CA",640573069500,1454625671800,,https://earthquake.usgs.gov/earthquakes/eventpage/ci1057484,https://earthquake.usgs.gov/fdsnws/event/1/query?eventid=ci1057484&format=geojson,,,,,reviewed,0,80,ci,1057484,",ci1057484,",",ci,",",origin,phase-data,",0,,0.108,139.2,mc,earthquake,"M 2.3 - 25km NE of Lamont, CA",541,Point,"[-118.734, 35.425, 2.645]",541
0,2.11,"1 km ENE of Aromas, California",640572638300,1481952773540,,https://earthquake.usgs.gov/earthquakes/eventpage/nc156188,https://earthquake.usgs.gov/fdsnws/event/1/query?eventid=nc156188&format=geojson,,,,,reviewed,0,68,nc,156188,",nc156188,",",nc,",",focal-mechanism,nearby-cities,origin,phase-data,",68,0.02883,0.07,47,md,earthquake,"M 2.1 - 1 km ENE of Aromas, California",542,Point,"[-121.6263333, 36.892, 7.168]",542
0,2.39,"7 km WSW of Cobb, California",640571839380,1481952754200,,https://earthquake.usgs.gov/earthquakes/eventpage/nc156186,https://earthquake.usgs.gov/fdsnws/event/1/query?eventid=nc156186&format=geojson,,,,,reviewed,0,88,nc,156186,",nc156186,",",nc,",",focal-mechanism,nearby-cities,origin,phase-data,",32,0.007207,0.15,37,md,earthquake,"M 2.4 - 7 km WSW of Cobb, California",543,Point,"[-122.8035, 38.8056667, -0.289]",543
0,2.26,"13km SW of Mojave, CA",640567937290,1454623620580,,https://earthquake.usgs.gov/earthquakes/eventpage/ci1057482,https://earthquake.usgs.gov/fdsnws/event/1/query?eventid=ci1057482&format=geojson,,,,,reviewed,0,79,ci,1057482,",ci1057482,",",ci,",",origin,phase-data,",0,,0.098,212.1,mc,quarry blast,"M 2.3 Quarry Blast - 13km SW of Mojave, CA",544,Point,"[-118.28, 34.97, -0.882]",544
0,2.06,"2km N of Claremont, CA",640566490150,1454632489800,,https://earthquake.usgs.gov/earthquakes/eventpage/ci1057480,https://earthquake.usgs.gov/fdsnws/event/1/query?eventid=ci1057480&format=geojson,,,,,reviewed,0,65,ci,1057480,",ci1057480,",",ci,",",origin,phase-data,",0,,0.089,71.8,mc,earthquake,"M 2.1 - 2km N of Claremont, CA",545,Point,"[-117.721, 34.114, 3.223]",545
0,2.16,"2km N of Claremont, CA",640565637200,1454625671330,,https://earthquake.usgs.gov/earthquakes/eventpage/ci1057479,https://earthquake.usgs.gov/fdsnws/event/1/query?eventid=ci1057479&format=geojson,,,,,reviewed,0,72,ci,1057479,",ci1057479,",",ci,",",origin,phase-data,",0,,0.087,72.8,mc,earthquake,"M 2.2 - 2km N of Claremont, CA",546,Point,"[-117.723, 34.111, 3.503]",546
0,2.57,"2 km NNW of Aromas, California",640561966710,1481952705300,,https://earthquake.usgs.gov/earthquakes/eventpage/nc159626,https://earthquake.usgs.gov/fdsnws/event/1/query?eventid=nc159626&format=geojson,,,,,reviewed,0,102,nc,159626,",nc159626,",",nc,",",focal-mechanism,nearby-cities,origin,phase-data,",91,0.02162,0.08,36,md,earthquake,"M 2.6 - 2 km NNW of Aromas, California",547,Point,"[-121.6558333, 36.9098333, 9.493]",547
0,2.35,"11km SE of San Pedro, CA",640560181580,1454629743260,,https://earthquake.usgs.gov/earthquakes/eventpage/ci1057474,https://earthquake.usgs.gov/fdsnws/event/1/query?eventid=ci1057474&format=geojson,,,,,reviewed,0,85,ci,1057474,",ci1057474,",",ci,",",origin,phase-data,",0,,0.172,191.9,mc,earthquake,"M 2.4 - 11km SE of San Pedro, CA",548,Point,"[-118.217, 33.655, 4.072]",548
0,2.57,Central California,640559296090,1481952689400,,https://earthquake.usgs.gov/earthquakes/eventpage/nc159723,https://earthquake.usgs.gov/fdsnws/event/1/query?eventid=nc159723&format=geojson,,,,,reviewed,0,102,nc,159723,",nc159723,",",nc,",",focal-mechanism,nearby-cities,origin,phase-data,",93,0.006306,0.1,48,md,earthquake,M 2.6 - Central California,549,Point,"[-121.6636667, 36.9253333, 8.018]",549
0,2.64,"18km NNE of Indio, CA",640556694500,1454628383320,,https://earthquake.usgs.gov/earthquakes/eventpage/ci1057472,https://earthquake.usgs.gov/fdsnws/event/1/query?eventid=ci1057472&format=geojson,,,,,reviewed,0,107,ci,1057472,",ci1057472,",",ci,",",origin,phase-data,",0,,0.08,92.6,mc,earthquake,"M 2.6 - 18km NNE of Indio, CA",550,Point,"[-116.153, 33.876, 2.166]",550
0,2.08,"2km NNE of Claremont, CA",640552102880,1454633151370,,https://earthquake.usgs.gov/earthquakes/eventpage/ci1057470,https://earthquake.usgs.gov/fdsnws/event/1/query?eventid=ci1057470&format=geojson,,,,,reviewed,0,67,ci,1057470,",ci1057470,",",ci,",",origin,phase-data,",0,,0.105,72.7,mc,earthquake,"M 2.1 - 2km NNE of Claremont, CA",551,Point,"[-117.71, 34.118, 3.033]",551
0,2.24,"5 km SW of Cobb, California",640547848640,1481952608097,,https://earthquake.usgs.gov/earthquakes/eventpage/nc156303,https://earthquake.usgs.gov/fdsnws/event/1/query?eventid=nc156303&format=geojson,,,,,reviewed,0,77,nc,156303,",nc156303,",",nc,",",nearby-cities,origin,phase-data,",17,0.03604,0.1,57,md,earthquake,"M 2.2 - 5 km SW of Cobb, California",552,Point,"[-122.76, 38.7848333, -0.129]",552
0,3.6,"11 km SSE of Markleeville, California",640544043750,1481952584050,,https://earthquake.usgs.gov/earthquakes/eventpage/nc20091191,https://earthquake.usgs.gov/fdsnws/event/1/query?eventid=nc20091191&format=geojson,,,,,reviewed,0,199,nc,20091191,",nc20091191,usp0004864,",",nc,us,",",focal-mechanism,nearby-cities,origin,phase-data,",113,0.691,0.13,181,ml,earthquake,"M 3.6 - 11 km SSE of Markleeville, California",553,Point,"[-119.713, 38.601, 3.559]",553
0,2.44,"1km NW of Frazier Park, CA",640537400730,1454631819570,,https://earthquake.usgs.gov/earthquakes/eventpage/ci1057463,https://earthquake.usgs.gov/fdsnws/event/1/query?eventid=ci1057463&format=geojson,,,,,reviewed,0,92,ci,1057463,",ci1057463,",",ci,",",origin,phase-data,",0,,0.125,52.8,mc,earthquake,"M 2.4 - 1km NW of Frazier Park, CA",554,Point,"[-118.953, 34.828, 12.614]",554
0,3.6,"2 km N of Aromas, California",640534065830,1481952529180,,https://earthquake.usgs.gov/earthquakes/eventpage/nc1175485,https://earthquake.usgs.gov/fdsnws/event/1/query?eventid=nc1175485&format=geojson,,,,,reviewed,0,199,nc,1175485,",nc1175485,usp000485s,",",nc,us,",",focal-mechanism,impact-text,nearby-cities,origin,phase-data,",86,0.02523,0.1,70,ml,earthquake,"M 3.6 - 2 km N of Aromas, California",555,Point,"[-121.6436667, 36.9111667, 4.08]",555
0,2.26,"2 km N of Aromas, California",640533633140,1481952519980,,https://earthquake.usgs.gov/earthquakes/eventpage/nc1175483,https://earthquake.usgs.gov/fdsnws/event/1/query?eventid=nc1175483&format=geojson,,,,,reviewed,0,79,nc,1175483,",nc1175483,",",nc,",",focal-mechanism,nearby-cities,origin,phase-data,",40,0.02342,0.09,70,md,earthquake,"M 2.3 - 2 km N of Aromas, California",556,Point,"[-121.6431667, 36.9131667, 2.84]",556
0,2.1,"3 km NNW of Aromas, California",640529692390,1481952505240,,https://earthquake.usgs.gov/earthquakes/eventpage/nc1175481,https://earthquake.usgs.gov/fdsnws/event/1/query?eventid=nc1175481&format=geojson,,,,,reviewed,0,68,nc,1175481,",nc1175481,",",nc,",",focal-mechanism,nearby-cities,origin,phase-data,",52,0.01261,0.11,71,md,earthquake,"M 2.1 - 3 km NNW of Aromas, California",557,Point,"[-121.6528333, 36.9211667, 5.657]",557
0,2.78,"3 km NNW of Aromas, California",640529502120,1481952497310,,https://earthquake.usgs.gov/earthquakes/eventpage/nc1175480,https://earthquake.usgs.gov/fdsnws/event/1/query?eventid=nc1175480&format=geojson,,,,,reviewed,0,119,nc,1175480,",nc1175480,usp000485n,",",nc,us,",",focal-mechanism,nearby-cities,origin,phase-data,",79,0.01171,0.1,71,md,earthquake,"M 2.8 - 3 km NNW of Aromas, California",558,Point,"[-121.6538333, 36.9215, 6.357]",558
0,2.42,"18km NNE of Indio, CA",640527869790,1454633149990,,https://earthquake.usgs.gov/earthquakes/eventpage/ci141621,https://earthquake.usgs.gov/fdsnws/event/1/query?eventid=ci141621&format=geojson,,,,,reviewed,0,90,ci,141621,",ci141621,",",ci,",",origin,phase-data,",0,,0.088,71.1,mc,earthquake,"M 2.4 - 18km NNE of Indio, CA",559,Point,"[-116.155, 33.875, 2.946]",559
0,2.31,"12 km WSW of Bridgeport, California",640526499960,1481952467477,,https://earthquake.usgs.gov/earthquakes/eventpage/nc156171,https://earthquake.usgs.gov/fdsnws/event/1/query?eventid=nc156171&format=geojson,,,,,reviewed,0,82,nc,156171,",nc156171,",",nc,",",nearby-cities,origin,phase-data,",22,0.2252,0.06,196,md,earthquake,"M 2.3 - 12 km WSW of Bridgeport, California",560,Point,"[-119.3711667, 38.2195, 9.479]",560
0,2.12,"3 km NNW of Aromas, California",640524106180,1481952443190,,https://earthquake.usgs.gov/earthquakes/eventpage/nc156169,https://earthquake.usgs.gov/fdsnws/event/1/query?eventid=nc156169&format=geojson,,,,,reviewed,0,69,nc,156169,",nc156169,",",nc,",",focal-mechanism,nearby-cities,origin,phase-data,",72,0.01171,0.09,42,md,earthquake,"M 2.1 - 3 km NNW of Aromas, California",561,Point,"[-121.6568333, 36.9205, 7.288]",561
0,2.19,"3 km ENE of Alamo, California",640517864940,1481952405060,,https://earthquake.usgs.gov/earthquakes/eventpage/nc156166,https://earthquake.usgs.gov/fdsnws/event/1/query?eventid=nc156166&format=geojson,,,,,reviewed,0,74,nc,156166,",nc156166,",",nc,",",focal-mechanism,nearby-cities,origin,phase-data,",28,0.07387,0.08,58,md,earthquake,"M 2.2 - 3 km ENE of Alamo, California",562,Point,"[-121.995, 37.8673333, 6.174]",562
0,2.12,"2 km NNW of Aromas, California",640508510600,1481952325170,,https://earthquake.usgs.gov/earthquakes/eventpage/nc156162,https://earthquake.usgs.gov/fdsnws/event/1/query?eventid=nc156162&format=geojson,,,,,reviewed,0,69,nc,156162,",nc156162,",",nc,",",focal-mechanism,nearby-cities,origin,phase-data,",75,0.02162,0.08,34,md,earthquake,"M 2.1 - 2 km NNW of Aromas, California",563,Point,"[-121.6511667, 36.911, 8.278]",563
0,2.24,"18km NNE of Indio, CA",640506068330,1454623618380,,https://earthquake.usgs.gov/earthquakes/eventpage/ci1057444,https://earthquake.usgs.gov/fdsnws/event/1/query?eventid=ci1057444&format=geojson,,,,,reviewed,0,77,ci,1057444,",ci1057444,",",ci,",",origin,phase-data,",0,,0.088,72.1,mc,earthquake,"M 2.2 - 18km NNE of Indio, CA",564,Point,"[-116.15, 33.878, 1.616]",564
0,2.54,"18km NNE of Indio, CA",640503811690,1454626991530,,https://earthquake.usgs.gov/earthquakes/eventpage/ci1057442,https://earthquake.usgs.gov/fdsnws/event/1/query?eventid=ci1057442&format=geojson,,,,,reviewed,0,99,ci,1057442,",ci1057442,",",ci,",",origin,phase-data,",0,,0.086,91.8,mc,earthquake,"M 2.5 - 18km NNE of Indio, CA",565,Point,"[-116.151, 33.876, 2.826]",565
0,2.12,"1km NNW of Claremont, CA",640500833150,1454630442760,,https://earthquake.usgs.gov/earthquakes/eventpage/ci1057439,https://earthquake.usgs.gov/fdsnws/event/1/query?eventid=ci1057439&format=geojson,,,,,reviewed,0,69,ci,1057439,",ci1057439,",",ci,",",origin,phase-data,",0,,0.097,66.6,mc,earthquake,"M 2.1 - 1km NNW of Claremont, CA",566,Point,"[-117.725, 34.105, 3.463]",566
0,2.04,"1km NNW of Claremont, CA",640490790420,1454631127750,,https://earthquake.usgs.gov/earthquakes/eventpage/ci1057433,https://earthquake.usgs.gov/fdsnws/event/1/query?eventid=ci1057433&format=geojson,,,,,reviewed,0,64,ci,1057433,",ci1057433,",",ci,",",origin,phase-data,",0,,0.091,77.4,mc,earthquake,"M 2.0 - 1km NNW of Claremont, CA",567,Point,"[-117.723, 34.103, 2.983]",567
0,2.1,"1km NNW of Claremont, CA",640490366610,1454626330400,,https://earthquake.usgs.gov/earthquakes/eventpage/ci1057432,https://earthquake.usgs.gov/fdsnws/event/1/query?eventid=ci1057432&format=geojson,,,,,reviewed,0,68,ci,1057432,",ci1057432,",",ci,",",origin,phase-data,",20,,0.13,94,mh,earthquake,"M 2.1 - 1km NNW of Claremont, CA",568,Point,"[-117.7236667, 34.1081667, 3.933]",568
0,2.23,"19km NNE of Indio, CA",640490154560,1454625669790,,https://earthquake.usgs.gov/earthquakes/eventpage/ci1057431,https://earthquake.usgs.gov/fdsnws/event/1/query?eventid=ci1057431&format=geojson,,,,,reviewed,0,77,ci,1057431,",ci1057431,",",ci,",",origin,phase-data,",0,,0.102,73,mc,earthquake,"M 2.2 - 19km NNE of Indio, CA",569,Point,"[-116.145, 33.881, 2.866]",569
0,2.02,"2km N of Claremont, CA",640483275770,1454631126680,,https://earthquake.usgs.gov/earthquakes/eventpage/ci1057426,https://earthquake.usgs.gov/fdsnws/event/1/query?eventid=ci1057426&format=geojson,,,,,reviewed,0,63,ci,1057426,",ci1057426,",",ci,",",origin,phase-data,",0,,0.087,73.5,mc,earthquake,"M 2.0 - 2km N of Claremont, CA",570,Point,"[-117.719, 34.111, 3.623]",570
0,2.35,"5 km WSW of Cobb, California",640479361230,1481951873250,,https://earthquake.usgs.gov/earthquakes/eventpage/nc159540,https://earthquake.usgs.gov/fdsnws/event/1/query?eventid=nc159540&format=geojson,,,,,reviewed,0,85,nc,159540,",nc159540,",",nc,",",focal-mechanism,nearby-cities,origin,phase-data,",27,0.00991,0.19,50,md,earthquake,"M 2.4 - 5 km WSW of Cobb, California",571,Point,"[-122.7821667, 38.806, 0.501]",571
0,2.71,"14 km E of Hidden Valley Lake, California",640475902360,1481951757240,,https://earthquake.usgs.gov/earthquakes/eventpage/nc156413,https://earthquake.usgs.gov/fdsnws/event/1/query?eventid=nc156413&format=geojson,,,,,reviewed,0,113,nc,156413,",nc156413,",",nc,",",nearby-cities,origin,phase-data,",33,0.04685,0.35,55,md,quarry blast,"M 2.7 Quarry Blast - 14 km E of Hidden Valley Lake, California",572,Point,"[-122.3973333, 38.8311667, -0.49]",572
0,2.35,"1 km NNE of Aromas, California",640475636810,1481951751880,,https://earthquake.usgs.gov/earthquakes/eventpage/nc156412,https://earthquake.usgs.gov/fdsnws/event/1/query?eventid=nc156412&format=geojson,,,,,reviewed,0,85,nc,156412,",nc156412,",",nc,",",focal-mechanism,nearby-cities,origin,phase-data,",68,0.03333,0.09,38,md,earthquake,"M 2.4 - 1 km NNE of Aromas, California",573,Point,"[-121.6386667, 36.9035, 6.773]",573
0,2.32,"4 km N of Aromas, California",640474482080,1481951716970,,https://earthquake.usgs.gov/earthquakes/eventpage/nc156409,https://earthquake.usgs.gov/fdsnws/event/1/query?eventid=nc156409&format=geojson,,,,,reviewed,0,83,nc,156409,",nc156409,",",nc,",",focal-mechanism,nearby-cities,origin,phase-data,",56,0.009009,0.15,42,md,earthquake,"M 2.3 - 4 km N of Aromas, California",574,Point,"[-121.6521667, 36.9275, 1.958]",574
0,2.93,"3 km NNW of Aromas, California",640474136970,1481951709270,,https://earthquake.usgs.gov/earthquakes/eventpage/nc156407,https://earthquake.usgs.gov/fdsnws/event/1/query?eventid=nc156407&format=geojson,,,,,reviewed,0,132,nc,156407,",nc156407,usp000484r,",",nc,us,",",focal-mechanism,nearby-cities,origin,phase-data,",98,0.01802,0.09,38,md,earthquake,"M 2.9 - 3 km NNW of Aromas, California",575,Point,"[-121.6563333, 36.9135, 8.668]",575
0,2.13,"5 km NNW of Aromas, California",640470422540,1481951651680,,https://earthquake.usgs.gov/earthquakes/eventpage/nc156353,https://earthquake.usgs.gov/fdsnws/event/1/query?eventid=nc156353&format=geojson,,,,,reviewed,0,70,nc,156353,",nc156353,",",nc,",",focal-mechanism,nearby-cities,origin,phase-data,",74,0.005405,0.08,52,md,earthquake,"M 2.1 - 5 km NNW of Aromas, California",576,Point,"[-121.6648333, 36.9356667, 6.778]",576
0,2.14,"4km N of Claremont, CA",640470225660,1454630441310,,https://earthquake.usgs.gov/earthquakes/eventpage/ci1057415,https://earthquake.usgs.gov/fdsnws/event/1/query?eventid=ci1057415&format=geojson,,,,,reviewed,0,70,ci,1057415,",ci1057415,",",ci,",",origin,phase-data,",0,,0.088,63.7,mc,earthquake,"M 2.1 - 4km N of Claremont, CA",577,Point,"[-117.72, 34.131, 8.781]",577
0,2.1,"1km NNW of Claremont, CA",640466491200,1454632488110,,https://earthquake.usgs.gov/earthquakes/eventpage/ci141619,https://earthquake.usgs.gov/fdsnws/event/1/query?eventid=ci141619&format=geojson,,,,,reviewed,0,68,ci,141619,",ci141619,",",ci,",",origin,phase-data,",0,,0.092,93.8,mc,earthquake,"M 2.1 - 1km NNW of Claremont, CA",578,Point,"[-117.725, 34.106, 3.443]",578
0,2.51,"45km NE of Holtville, CA",640466489050,1454633842730,,https://earthquake.usgs.gov/earthquakes/eventpage/ci1057402,https://earthquake.usgs.gov/fdsnws/event/1/query?eventid=ci1057402&format=geojson,,,,,reviewed,0,97,ci,1057402,",ci1057402,",",ci,",",origin,phase-data,",0,,0.032,245.4,mc,quarry blast,"M 2.5 Quarry Blast - 45km NE of Holtville, CA",579,Point,"[-115, 33.06, -0.254]",579
0,2.04,"4 km NNW of Aromas, California",640466025070,1481951557270,,https://earthquake.usgs.gov/earthquakes/eventpage/nc156344,https://earthquake.usgs.gov/fdsnws/event/1/query?eventid=nc156344&format=geojson,,,,,reviewed,0,64,nc,156344,",nc156344,",",nc,",",focal-mechanism,nearby-cities,origin,phase-data,",59,0.007207,0.08,46,md,earthquake,"M 2.0 - 4 km NNW of Aromas, California",580,Point,"[-121.661, 36.9241667, 7.528]",580
0,2.14,"3 km NNW of Aromas, California",640465748570,1481951545460,,https://earthquake.usgs.gov/earthquakes/eventpage/nc156139,https://earthquake.usgs.gov/fdsnws/event/1/query?eventid=nc156139&format=geojson,,,,,reviewed,0,70,nc,156139,",nc156139,",",nc,",",focal-mechanism,nearby-cities,origin,phase-data,",60,0.01171,0.08,42,md,earthquake,"M 2.1 - 3 km NNW of Aromas, California",581,Point,"[-121.657, 36.9198333, 7.748]",581
0,2.23,"18km NNE of Indio, CA",640465716470,1454633148130,,https://earthquake.usgs.gov/earthquakes/eventpage/ci1057398,https://earthquake.usgs.gov/fdsnws/event/1/query?eventid=ci1057398&format=geojson,,,,,reviewed,0,77,ci,1057398,",ci1057398,",",ci,",",origin,phase-data,",0,,0.061,137.9,mc,earthquake,"M 2.2 - 18km NNE of Indio, CA",582,Point,"[-116.147, 33.876, 3.226]",582
0,2.74,"18km NNE of Indio, CA",640465658690,1454624306060,,https://earthquake.usgs.gov/earthquakes/eventpage/ci141618,https://earthquake.usgs.gov/fdsnws/event/1/query?eventid=ci141618&format=geojson,,,,,reviewed,0,116,ci,141618,",ci141618,",",ci,",",origin,phase-data,",0,,0.022,135.3,mc,earthquake,"M 2.7 - 18km NNE of Indio, CA",583,Point,"[-116.155, 33.878, 3.346]",583
0,3.04,"18km NNE of Indio, CA",640465642460,1454626990290,,https://earthquake.usgs.gov/earthquakes/eventpage/ci141616,https://earthquake.usgs.gov/fdsnws/event/1/query?eventid=ci141616&format=geojson,,,,,reviewed,0,142,ci,141616,",ci141616,",",ci,",",origin,phase-data,",0,,0.1,71.6,ml,earthquake,"M 3.0 - 18km NNE of Indio, CA",584,Point,"[-116.153, 33.873, 2.966]",584
0,2,"4km NW of Boron, CA",640465327950,1454629741010,,https://earthquake.usgs.gov/earthquakes/eventpage/ci1057397,https://earthquake.usgs.gov/fdsnws/event/1/query?eventid=ci1057397&format=geojson,,,,,reviewed,0,62,ci,1057397,",ci1057397,",",ci,",",origin,phase-data,",0,,0.101,50.8,mc,quarry blast,"M 2.0 Quarry Blast - 4km NW of Boron, CA",585,Point,"[-117.68, 35.03, -0.758]",585
0,2.83,"4 km NNW of Diablo, California",640460842420,1481951465230,,https://earthquake.usgs.gov/earthquakes/eventpage/nc156273,https://earthquake.usgs.gov/fdsnws/event/1/query?eventid=nc156273&format=geojson,,,,,reviewed,0,123,nc,156273,",nc156273,usp0004842,",",nc,us,",",focal-mechanism,impact-text,nearby-cities,origin,phase-data,",56,0.07568,0.09,53,md,earthquake,"M 2.8 - 4 km NNW of Diablo, California",586,Point,"[-121.9838333, 37.8683333, 5.667]",586
0,3,"4 km ENE of Interlaken, California",640459661620,1481951434750,,https://earthquake.usgs.gov/earthquakes/eventpage/nc156270,https://earthquake.usgs.gov/fdsnws/event/1/query?eventid=nc156270&format=geojson,,,,,reviewed,0,138,nc,156270,",nc156270,usp0004840,",",nc,us,",",focal-mechanism,nearby-cities,origin,phase-data,",101,0.01622,0.07,43,ml,earthquake,"M 3.0 - 4 km ENE of Interlaken, California",587,Point,"[-121.6856667, 36.9673333, 5.721]",587
0,2.22,"19km NNE of Indio, CA",640459588790,1454628381520,,https://earthquake.usgs.gov/earthquakes/eventpage/ci1057391,https://earthquake.usgs.gov/fdsnws/event/1/query?eventid=ci1057391&format=geojson,,,,,reviewed,0,76,ci,1057391,",ci1057391,",",ci,",",origin,phase-data,",0,,0.074,71.4,mc,earthquake,"M 2.2 - 19km NNE of Indio, CA",588,Point,"[-116.157, 33.881, 0.826]",588
0,2.51,"4 km ENE of Interlaken, California",640456038610,1481951372650,,https://earthquake.usgs.gov/earthquakes/eventpage/nc159338,https://earthquake.usgs.gov/fdsnws/event/1/query?eventid=nc159338&format=geojson,,,,,reviewed,0,97,nc,159338,",nc159338,",",nc,",",focal-mechanism,nearby-cities,origin,phase-data,",63,0.01081,0.09,27,md,earthquake,"M 2.5 - 4 km ENE of Interlaken, California",589,Point,"[-121.6836667, 36.9598333, 6.051]",589
0,3.9,"5 km ESE of Interlaken, California",640455553050,1481951364310,,https://earthquake.usgs.gov/earthquakes/eventpage/nc20091179,https://earthquake.usgs.gov/fdsnws/event/1/query?eventid=nc20091179&format=geojson,,,,,reviewed,0,234,nc,20091179,",nc20091179,usp000483s,",",nc,us,",",focal-mechanism,impact-text,nearby-cities,origin,phase-data,",96,0.00991,0.09,55,ml,earthquake,"M 3.9 - 5 km ESE of Interlaken, California",590,Point,"[-121.6713333, 36.9371667, 7.751]",590
0,2.11,"19km NNE of Indio, CA",640455106490,1454625669320,,https://earthquake.usgs.gov/earthquakes/eventpage/ci678824,https://earthquake.usgs.gov/fdsnws/event/1/query?eventid=ci678824&format=geojson,,,,,reviewed,0,68,ci,678824,",ci678824,",",ci,",",origin,phase-data,",0,,0.118,96.7,mc,earthquake,"M 2.1 - 19km NNE of Indio, CA",591,Point,"[-116.162, 33.884, 4.286]",591
0,2.17,"19km NNE of Indio, CA",640455095570,1454623616130,,https://earthquake.usgs.gov/earthquakes/eventpage/ci141670,https://earthquake.usgs.gov/fdsnws/event/1/query?eventid=ci141670&format=geojson,,,,,reviewed,0,72,ci,141670,",ci141670,",",ci,",",origin,phase-data,",0,,0.088,95.1,mc,earthquake,"M 2.2 - 19km NNE of Indio, CA",592,Point,"[-116.155, 33.882, 3.626]",592
0,3.7,"5 km ESE of Interlaken, California",640454788300,1481951325700,,https://earthquake.usgs.gov/earthquakes/eventpage/nc20091177,https://earthquake.usgs.gov/fdsnws/event/1/query?eventid=nc20091177&format=geojson,,,,,reviewed,0,211,nc,20091177,",nc20091177,usp000483q,",",nc,us,",",focal-mechanism,impact-text,nearby-cities,origin,phase-data,",96,0.01171,0.09,54,ml,earthquake,"M 3.7 - 5 km ESE of Interlaken, California",593,Point,"[-121.6716667, 36.9403333, 7.561]",593
0,2.68,"4 km NNW of Aromas, California",640454619330,1481951302940,,https://earthquake.usgs.gov/earthquakes/eventpage/nc20091178,https://earthquake.usgs.gov/fdsnws/event/1/query?eventid=nc20091178&format=geojson,,,,,reviewed,0,110,nc,20091178,",nc20091178,",",nc,",",focal-mechanism,nearby-cities,origin,phase-data,",89,0.006306,0.08,47,md,earthquake,"M 2.7 - 4 km NNW of Aromas, California",594,Point,"[-121.6623333, 36.9255, 8.008]",594
0,2.55,"4 km E of Interlaken, California",640453815600,1481951252780,,https://earthquake.usgs.gov/earthquakes/eventpage/nc20091158,https://earthquake.usgs.gov/fdsnws/event/1/query?eventid=nc20091158&format=geojson,,,,,reviewed,0,100,nc,20091158,",nc20091158,",",nc,",",focal-mechanism,nearby-cities,origin,phase-data,",65,0.01261,0.07,49,md,earthquake,"M 2.6 - 4 km E of Interlaken, California",595,Point,"[-121.6796667, 36.9535, 7.189]",595
0,3.6,"5 km E of Interlaken, California",640453705160,1481951236860,,https://earthquake.usgs.gov/earthquakes/eventpage/nc20091156,https://earthquake.usgs.gov/fdsnws/event/1/query?eventid=nc20091156&format=geojson,,,,,reviewed,0,199,nc,20091156,",nc20091156,",",nc,",",focal-mechanism,nearby-cities,origin,phase-data,",61,0.01622,0.08,51,md,earthquake,"M 3.6 - 5 km E of Interlaken, California",596,Point,"[-121.6758333, 36.9471667, 7.561]",596
0,5.1,"4 km E of Interlaken, California",640453563450,1481951213470,,https://earthquake.usgs.gov/earthquakes/eventpage/nc20091155,https://earthquake.usgs.gov/fdsnws/event/1/query?eventid=nc20091155&format=geojson,,,,,reviewed,0,400,nc,20091155,",nc20091155,usp000483n,",",nc,us,",",focal-mechanism,impact-text,nearby-cities,origin,phase-data,",87,0.00991,0.09,28,ml,earthquake,"M 5.1 - 4 km E of Interlaken, California",597,Point,"[-121.6845, 36.9588333, 6.641]",597
0,4,"5 km E of Interlaken, California",640453011340,1481951188960,,https://earthquake.usgs.gov/earthquakes/eventpage/nc20091176,https://earthquake.usgs.gov/fdsnws/event/1/query?eventid=nc20091176&format=geojson,,,,,reviewed,0,246,nc,20091176,",nc20091176,usp000483m,",",nc,us,",",focal-mechanism,impact-text,nearby-cities,origin,phase-data,",62,0.01622,0.08,96,ml,earthquake,"M 4.0 - 5 km E of Interlaken, California",598,Point,"[-121.6761667, 36.9485, 7.453]",598
0,4.4,"5 km E of Interlaken, California",640452496360,1481951178280,,https://earthquake.usgs.gov/earthquakes/eventpage/nc20091174,https://earthquake.usgs.gov/fdsnws/event/1/query?eventid=nc20091174&format=geojson,,,,,reviewed,0,298,nc,20091174,",nc20091174,usp000483k,",",nc,us,",",focal-mechanism,impact-text,nearby-cities,origin,phase-data,",61,0.01261,0.07,98,ml,earthquake,"M 4.4 - 5 km E of Interlaken, California",599,Point,"[-121.6691667, 36.9425, 7.133]",599
0,2.15,"1km NNW of Claremont, CA",640451526580,1454627681870,,https://earthquake.usgs.gov/earthquakes/eventpage/ci1057369,https://earthquake.usgs.gov/fdsnws/event/1/query?eventid=ci1057369&format=geojson,,,,,reviewed,0,71,ci,1057369,",ci1057369,",",ci,",",origin,phase-data,",0,,0.087,95.2,mc,earthquake,"M 2.2 - 1km NNW of Claremont, CA",600,Point,"[-117.723, 34.104, 3.023]",600
0,2.18,"3 km N of Aromas, California",640450628020,1481951150330,,https://earthquake.usgs.gov/earthquakes/eventpage/nc159330,https://earthquake.usgs.gov/fdsnws/event/1/query?eventid=nc159330&format=geojson,,,,,reviewed,0,73,nc,159330,",nc159330,",",nc,",",focal-mechanism,nearby-cities,origin,phase-data,",34,0.01712,0.06,98,md,earthquake,"M 2.2 - 3 km N of Aromas, California",601,Point,"[-121.6468333, 36.9195, 6.963]",601
0,4,"3 km NNW of Aromas, California",640450343660,1481951142600,,https://earthquake.usgs.gov/earthquakes/eventpage/nc20091173,https://earthquake.usgs.gov/fdsnws/event/1/query?eventid=nc20091173&format=geojson,,,,,reviewed,0,246,nc,20091173,",nc20091173,usp000483c,",",nc,us,",",focal-mechanism,impact-text,nearby-cities,origin,phase-data,",58,0.01622,0.08,94,ml,earthquake,"M 4.0 - 3 km NNW of Aromas, California",602,Point,"[-121.6506667, 36.9181667, 7.603]",602
0,2.37,"3 km N of Aromas, California",640450221730,1481951131840,,https://earthquake.usgs.gov/earthquakes/eventpage/nc159329,https://earthquake.usgs.gov/fdsnws/event/1/query?eventid=nc159329&format=geojson,,,,,reviewed,0,86,nc,159329,",nc159329,",",nc,",",focal-mechanism,nearby-cities,origin,phase-data,",42,0.01712,0.08,96,md,earthquake,"M 2.4 - 3 km N of Aromas, California",603,Point,"[-121.6485, 36.9181667, 7.003]",603
0,2.87,"2 km NNW of Aromas, California",640449539920,1481951123940,,https://earthquake.usgs.gov/earthquakes/eventpage/nc159403,https://earthquake.usgs.gov/fdsnws/event/1/query?eventid=nc159403&format=geojson,,,,,reviewed,0,127,nc,159403,",nc159403,usp000483a,",",nc,us,",",focal-mechanism,nearby-cities,origin,phase-data,",53,0.01892,0.12,92,md,earthquake,"M 2.9 - 2 km NNW of Aromas, California",604,Point,"[-121.6505, 36.9146667, 7.143]",604
0,2.32,"18km SSE of Joshua Tree, CA",640449368630,1454626988900,,https://earthquake.usgs.gov/earthquakes/eventpage/ci144723,https://earthquake.usgs.gov/fdsnws/event/1/query?eventid=ci144723&format=geojson,,,,,reviewed,0,83,ci,144723,",ci144723,",",ci,",",origin,phase-data,",0,0.2251,0.208,197.1,mh,earthquake,"M 2.3 - 18km SSE of Joshua Tree, CA",605,Point,"[-116.273, 33.978, 4.811]",605
0,4.04,"18km NNE of Indio, CA",640449169110,1454633146020,,https://earthquake.usgs.gov/earthquakes/eventpage/ci1057365,https://earthquake.usgs.gov/fdsnws/event/1/query?eventid=ci1057365&format=geojson,,,,,reviewed,0,251,ci,1057365,",usp0004838,ci1057365,",",us,ci,",",impact-text,origin,phase-data,",0,,0.097,69.3,ml,earthquake,"M 4.0 - 18km NNE of Indio, CA",606,Point,"[-116.165, 33.877, 4.286]",606
0,3.29,"18km NNE of Indio, CA",640448765830,1454625668210,,https://earthquake.usgs.gov/earthquakes/eventpage/ci1057364,https://earthquake.usgs.gov/fdsnws/event/1/query?eventid=ci1057364&format=geojson,,,,,reviewed,0,167,ci,1057364,",usp0004836,ci1057364,",",us,ci,",",impact-text,origin,phase-data,",0,,0.1,69.6,ml,earthquake,"M 3.3 - 18km NNE of Indio, CA",607,Point,"[-116.163, 33.879, 4.126]",607
0,2.12,"5 km NNW of Aromas, California",640448380210,1481951103800,,https://earthquake.usgs.gov/earthquakes/eventpage/nc156636,https://earthquake.usgs.gov/fdsnws/event/1/query?eventid=nc156636&format=geojson,,,,,reviewed,0,69,nc,156636,",nc156636,",",nc,",",focal-mechanism,nearby-cities,origin,phase-data,",39,0.004505,0.09,101,md,earthquake,"M 2.1 - 5 km NNW of Aromas, California",608,Point,"[-121.6591667, 36.9356667, 6.163]",608
0,2.92,"2 km NE of Aromas, California",640448328540,1481951096030,,https://earthquake.usgs.gov/earthquakes/eventpage/nc156482,https://earthquake.usgs.gov/fdsnws/event/1/query?eventid=nc156482&format=geojson,,,,,reviewed,0,131,nc,156482,",nc156482,",",nc,",",focal-mechanism,nearby-cities,origin,phase-data,",52,0.03153,0.07,96,md,earthquake,"M 2.9 - 2 km NE of Aromas, California",609,Point,"[-121.6241667, 36.902, 5.573]",609
0,2.28,"2 km NNE of Aromas, California",640447965160,1481951085710,,https://earthquake.usgs.gov/earthquakes/eventpage/nc156481,https://earthquake.usgs.gov/fdsnws/event/1/query?eventid=nc156481&format=geojson,,,,,reviewed,0,80,nc,156481,",nc156481,",",nc,",",focal-mechanism,nearby-cities,origin,phase-data,",33,0.03604,0.1,109,md,earthquake,"M 2.3 - 2 km NNE of Aromas, California",610,Point,"[-121.6265, 36.9096667, 4.063]",610
0,2.11,"4 km ENE of Interlaken, California",640447832650,1481951078340,,https://earthquake.usgs.gov/earthquakes/eventpage/nc156480,https://earthquake.usgs.gov/fdsnws/event/1/query?eventid=nc156480&format=geojson,,,,,reviewed,0,68,nc,156480,",nc156480,",",nc,",",focal-mechanism,nearby-cities,origin,phase-data,",39,0.01622,0.07,97,md,earthquake,"M 2.1 - 4 km ENE of Interlaken, California",611,Point,"[-121.6826667, 36.9661667, 5.87]",611
0,2.15,"4 km N of Aromas, California",640447662100,1481951068330,,https://earthquake.usgs.gov/earthquakes/eventpage/nc156633,https://earthquake.usgs.gov/fdsnws/event/1/query?eventid=nc156633&format=geojson,,,,,reviewed,0,71,nc,156633,",nc156633,",",nc,",",focal-mechanism,nearby-cities,origin,phase-data,",36,0.008108,0.08,101,md,earthquake,"M 2.2 - 4 km N of Aromas, California",612,Point,"[-121.6526667, 36.9293333, 6.333]",612
0,2.25,"5 km NNW of Aromas, California",640447634080,1481951060370,,https://earthquake.usgs.gov/earthquakes/eventpage/nc156632,https://earthquake.usgs.gov/fdsnws/event/1/query?eventid=nc156632&format=geojson,,,,,reviewed,0,78,nc,156632,",nc156632,",",nc,",",focal-mechanism,nearby-cities,origin,phase-data,",39,0.003604,0.08,100,md,earthquake,"M 2.3 - 5 km NNW of Aromas, California",613,Point,"[-121.6608333, 36.9346667, 6.026]",613
0,2.82,"4 km N of Aromas, California",640447589120,1481951052540,,https://earthquake.usgs.gov/earthquakes/eventpage/nc156479,https://earthquake.usgs.gov/fdsnws/event/1/query?eventid=nc156479&format=geojson,,,,,reviewed,0,122,nc,156479,",nc156479,",",nc,",",focal-mechanism,nearby-cities,origin,phase-data,",53,0.009009,0.07,101,md,earthquake,"M 2.8 - 4 km N of Aromas, California",614,Point,"[-121.6513333, 36.928, 6.276]",614
0,2.52,"9 km N of Pittsburg, California",640447384300,1481951040590,,https://earthquake.usgs.gov/earthquakes/eventpage/nc156402,https://earthquake.usgs.gov/fdsnws/event/1/query?eventid=nc156402&format=geojson,,,,,reviewed,0,98,nc,156402,",nc156402,",",nc,",",focal-mechanism,nearby-cities,origin,phase-data,",24,0.06306,0.15,122,md,earthquake,"M 2.5 - 9 km N of Pittsburg, California",615,Point,"[-121.8631667, 38.1136667, 20.755]",615
0,2.06,"2 km N of Aromas, California",640447178700,1481951034186,,https://earthquake.usgs.gov/earthquakes/eventpage/nc156401,https://earthquake.usgs.gov/fdsnws/event/1/query?eventid=nc156401&format=geojson,,,,,reviewed,0,65,nc,156401,",nc156401,",",nc,",",nearby-cities,origin,phase-data,",12,0.02883,0.11,149,md,quarry blast,"M 2.1 Quarry Blast - 2 km N of Aromas, California",616,Point,"[-121.6431667, 36.9066667, -0.137]",616
0,5.4,"5 km NNW of Aromas, California",640446831300,1651175526307,,https://earthquake.usgs.gov/earthquakes/eventpage/nc20091154,https://earthquake.usgs.gov/fdsnws/event/1/query?eventid=nc20091154&format=geojson,,,,,reviewed,0,449,nc,20091154,",nc20091154,usp0004831,iscgem372790,",",nc,us,iscgem,",",focal-mechanism,impact-text,nearby-cities,origin,phase-data,",100,0.004505,0.11,36,ml,earthquake,"M 5.4 - 5 km NNW of Aromas, California",617,Point,"[-121.6568333, 36.9323333, 5.488]",617
0,4.9,"4 km NNW of Aromas, California",640446098640,1481951014180,,https://earthquake.usgs.gov/earthquakes/eventpage/nc20091172,https://earthquake.usgs.gov/fdsnws/event/1/query?eventid=nc20091172&format=geojson,,,,,reviewed,0,369,nc,20091172,",nc20091172,usp0004830,",",nc,us,",",focal-mechanism,impact-text,nearby-cities,origin,phase-data,",97,0.004505,0.09,45,ml,earthquake,"M 4.9 - 4 km NNW of Aromas, California",618,Point,"[-121.656, 36.9308333, 5.748]",618
0,4.7,"4 km N of Aromas, California",640445890170,1481951003896,,https://earthquake.usgs.gov/earthquakes/eventpage/nc20091171,https://earthquake.usgs.gov/fdsnws/event/1/query?eventid=nc20091171&format=geojson,,,,,reviewed,0,340,nc,20091171,",usp000482y,nc20091171,",",us,nc,",",impact-text,nearby-cities,origin,phase-data,",16,0.06757,0.17,85,ml,earthquake,"M 4.7 - 4 km N of Aromas, California",619,Point,"[-121.6421667, 36.9276667, 4.473]",619
0,4.3,"3 km N of Aromas, California",640445876920,1481950997970,,https://earthquake.usgs.gov/earthquakes/eventpage/nc20091168,https://earthquake.usgs.gov/fdsnws/event/1/query?eventid=nc20091168&format=geojson,,,,,reviewed,0,284,nc,20091168,",nc20091168,usp000482x,",",nc,us,",",focal-mechanism,impact-text,nearby-cities,origin,phase-data,",100,0.01441,0.1,38,ml,earthquake,"M 4.3 - 3 km N of Aromas, California",620,Point,"[-121.6491667, 36.9213333, 5.698]",620
0,2.39,"2km N of Claremont, CA",640441005160,1454632487280,,https://earthquake.usgs.gov/earthquakes/eventpage/ci1057355,https://earthquake.usgs.gov/fdsnws/event/1/query?eventid=ci1057355&format=geojson,,,,,reviewed,0,88,ci,1057355,",ci1057355,",",ci,",",origin,phase-data,",0,,0.11,50.5,ml,earthquake,"M 2.4 - 2km N of Claremont, CA",621,Point,"[-117.718, 34.111, 3.193]",621
0,2.56,"1km WNW of Claremont, CA",640437990450,1454623615640,,https://earthquake.usgs.gov/earthquakes/eventpage/ci1057352,https://earthquake.usgs.gov/fdsnws/event/1/query?eventid=ci1057352&format=geojson,,,,,reviewed,0,101,ci,1057352,",ci1057352,",",ci,",",origin,phase-data,",0,,0.108,48.3,ml,earthquake,"M 2.6 - 1km WNW of Claremont, CA",622,Point,"[-117.727, 34.099, 2.913]",622
0,2.81,"18km NNE of Indio, CA",640434209350,1454628380560,,https://earthquake.usgs.gov/earthquakes/eventpage/ci141611,https://earthquake.usgs.gov/fdsnws/event/1/query?eventid=ci141611&format=geojson,,,,,reviewed,0,121,ci,141611,",ci141611,",",ci,",",origin,phase-data,",0,,0.106,69.7,ml,earthquake,"M 2.8 - 18km NNE of Indio, CA",623,Point,"[-116.163, 33.879, 4.126]",623
0,2.25,"1km W of Claremont, CA",640408829250,1454624975320,,https://earthquake.usgs.gov/earthquakes/eventpage/ci1057330,https://earthquake.usgs.gov/fdsnws/event/1/query?eventid=ci1057330&format=geojson,,,,,reviewed,0,78,ci,1057330,",ci1057330,",",ci,",",origin,phase-data,",0,,0.071,98.1,mc,earthquake,"M 2.3 - 1km W of Claremont, CA",624,Point,"[-117.728, 34.097, 2.983]",624
0,2.21,"1km N of Claremont, CA",640405367460,1454632485930,,https://earthquake.usgs.gov/earthquakes/eventpage/ci1057328,https://earthquake.usgs.gov/fdsnws/event/1/query?eventid=ci1057328&format=geojson,,,,,reviewed,0,75,ci,1057328,",ci1057328,",",ci,",",origin,phase-data,",0,,0.09,78,mc,earthquake,"M 2.2 - 1km N of Claremont, CA",625,Point,"[-117.719, 34.104, 2.573]",625
0,2.13,"1km NNW of Claremont, CA",640404872710,1454625666440,,https://earthquake.usgs.gov/earthquakes/eventpage/ci1057327,https://earthquake.usgs.gov/fdsnws/event/1/query?eventid=ci1057327&format=geojson,,,,,reviewed,0,70,ci,1057327,",ci1057327,",",ci,",",origin,phase-data,",0,,0.096,78,mc,earthquake,"M 2.1 - 1km NNW of Claremont, CA",626,Point,"[-117.722, 34.102, 3.083]",626
0,2.47,"1km N of Claremont, CA",640402195740,1454631122660,,https://earthquake.usgs.gov/earthquakes/eventpage/ci1057326,https://earthquake.usgs.gov/fdsnws/event/1/query?eventid=ci1057326&format=geojson,,,,,reviewed,0,94,ci,1057326,",ci1057326,",",ci,",",origin,phase-data,",0,,0.101,50.2,ml,earthquake,"M 2.5 - 1km N of Claremont, CA",627,Point,"[-117.72, 34.109, 2.963]",627
0,2.75,"1km NW of Claremont, CA",640398938830,1454626987840,,https://earthquake.usgs.gov/earthquakes/eventpage/ci1057325,https://earthquake.usgs.gov/fdsnws/event/1/query?eventid=ci1057325&format=geojson,,,,,reviewed,0,116,ci,1057325,",ci1057325,",",ci,",",origin,phase-data,",0,,0.105,43,ml,earthquake,"M 2.8 - 1km NW of Claremont, CA",628,Point,"[-117.726, 34.102, 3.363]",628
0,2.22,"1km NNE of Claremont, CA",640395164800,1454624973930,,https://earthquake.usgs.gov/earthquakes/eventpage/ci1057319,https://earthquake.usgs.gov/fdsnws/event/1/query?eventid=ci1057319&format=geojson,,,,,reviewed,0,76,ci,1057319,",ci1057319,",",ci,",",origin,phase-data,",0,,0.005,112.1,mc,earthquake,"M 2.2 - 1km NNE of Claremont, CA",629,Point,"[-117.717, 34.107, 0.329]",629
0,2.73,"1km N of Claremont, CA",640395142510,1454633840280,,https://earthquake.usgs.gov/earthquakes/eventpage/ci141604,https://earthquake.usgs.gov/fdsnws/event/1/query?eventid=ci141604&format=geojson,,,,,reviewed,0,115,ci,141604,",ci141604,",",ci,",",origin,phase-data,",0,,0.11,48.1,ml,earthquake,"M 2.7 - 1km N of Claremont, CA",630,Point,"[-117.721, 34.104, 2.803]",630
0,2.1,"7 km WSW of Gilroy, California",640394614600,1481950848870,,https://earthquake.usgs.gov/earthquakes/eventpage/nc156115,https://earthquake.usgs.gov/fdsnws/event/1/query?eventid=nc156115&format=geojson,,,,,reviewed,0,68,nc,156115,",nc156115,",",nc,",",focal-mechanism,nearby-cities,origin,phase-data,",69,0.02613,0.08,41,md,earthquake,"M 2.1 - 7 km WSW of Gilroy, California",631,Point,"[-121.6506667, 36.991, 4.214]",631
0,2.25,"1km NNW of Claremont, CA",640394327930,1454633839790,,https://earthquake.usgs.gov/earthquakes/eventpage/ci141602,https://earthquake.usgs.gov/fdsnws/event/1/query?eventid=ci141602&format=geojson,,,,,reviewed,0,78,ci,141602,",ci141602,",",ci,",",origin,phase-data,",0,,0.115,77.4,mc,earthquake,"M 2.3 - 1km NNW of Claremont, CA",632,Point,"[-117.722, 34.103, 3.483]",632
0,2.25,"2km N of Claremont, CA",640394296320,1454630438970,,https://earthquake.usgs.gov/earthquakes/eventpage/ci141603,https://earthquake.usgs.gov/fdsnws/event/1/query?eventid=ci141603&format=geojson,,,,,reviewed,0,78,ci,141603,",ci141603,",",ci,",",origin,phase-data,",0,,0.111,72.1,mc,earthquake,"M 2.3 - 2km N of Claremont, CA",633,Point,"[-117.722, 34.112, 3.243]",633
0,2.51,"1km N of Claremont, CA",640392626660,1454623614260,,https://earthquake.usgs.gov/earthquakes/eventpage/ci1057314,https://earthquake.usgs.gov/fdsnws/event/1/query?eventid=ci1057314&format=geojson,,,,,reviewed,0,97,ci,1057314,",ci1057314,",",ci,",",origin,phase-data,",0,,0.103,96.7,ml,earthquake,"M 2.5 - 1km N of Claremont, CA",634,Point,"[-117.72, 34.104, 2.803]",634
0,2.32,"1km NW of Claremont, CA",640391667980,1454631122230,,https://earthquake.usgs.gov/earthquakes/eventpage/ci678765,https://earthquake.usgs.gov/fdsnws/event/1/query?eventid=ci678765&format=geojson,,,,,reviewed,0,83,ci,678765,",ci678765,",",ci,",",origin,phase-data,",0,,0.045,93.8,mc,earthquake,"M 2.3 - 1km NW of Claremont, CA",635,Point,"[-117.729, 34.103, 4.102]",635
0,4.5,"1km N of Claremont, CA",640391547290,1594329033319,,https://earthquake.usgs.gov/earthquakes/eventpage/ci1057313,https://earthquake.usgs.gov/fdsnws/event/1/query?eventid=ci1057313&format=geojson,,,5.411,,reviewed,0,312,ci,1057313,",usp000481z,atlas19900417223227,ci1057313,",",us,atlas,ci,",",impact-text,origin,phase-data,shakemap,touch,",0,,0.164,42.7,ml,earthquake,"M 4.5 - 1km N of Claremont, CA",636,Point,"[-117.722, 34.106, 2.903]",636
0,2.76,"17 km SSW of Kanosh, Utah",640391292630,1535429112790,,https://earthquake.usgs.gov/earthquakes/eventpage/uu50049260,https://earthquake.usgs.gov/fdsnws/event/1/query?eventid=uu50049260&format=geojson,,,,,reviewed,0,117,uu,50049260,",uu50049260,",",uu,",",origin,phase-data,",9,0.2911,0.3,99,md,earthquake,"M 2.8 - 17 km SSW of Kanosh, Utah",637,Point,"[-112.5298333, 38.6643333, 9.17]",637
0,2.52,"19 km SSW of Kanosh, Utah",640391129730,1535429112120,,https://earthquake.usgs.gov/earthquakes/eventpage/uu50049255,https://earthquake.usgs.gov/fdsnws/event/1/query?eventid=uu50049255&format=geojson,,,,,reviewed,0,98,uu,50049255,",uu50049255,",",uu,",",origin,phase-data,",13,0.2771,0.18,102,md,earthquake,"M 2.5 - 19 km SSW of Kanosh, Utah",638,Point,"[-112.5325, 38.6386667, 11.39]",638
0,2.67,"13 km E of Hidden Valley Lake, California",640389256400,1481950823856,,https://earthquake.usgs.gov/earthquakes/eventpage/nc156240,https://earthquake.usgs.gov/fdsnws/event/1/query?eventid=nc156240&format=geojson,,,,,reviewed,0,110,nc,156240,",nc156240,",",nc,",",nearby-cities,origin,phase-data,",26,0.03784,0.31,59,md,quarry blast,"M 2.7 Quarry Blast - 13 km E of Hidden Valley Lake, California",639,Point,"[-122.4081667, 38.8283333, -0.49]",639
0,2.53,"7 km WSW of Gilroy, California",640387615120,1481950818600,,https://earthquake.usgs.gov/earthquakes/eventpage/nc156239,https://earthquake.usgs.gov/fdsnws/event/1/query?eventid=nc156239&format=geojson,,,,,reviewed,0,98,nc,156239,",nc156239,",",nc,",",focal-mechanism,nearby-cities,origin,phase-data,",83,0.02703,0.07,23,md,earthquake,"M 2.5 - 7 km WSW of Gilroy, California",640,Point,"[-121.652, 36.99, 4.424]",640
0,2.36,"5 km WSW of Whitehawk, California",640383807010,1481950798686,,https://earthquake.usgs.gov/earthquakes/eventpage/nc156260,https://earthquake.usgs.gov/fdsnws/event/1/query?eventid=nc156260&format=geojson,,,,,reviewed,0,86,nc,156260,",nc156260,",",nc,",",nearby-cities,origin,phase-data,",12,0.5315,0.07,260,md,earthquake,"M 2.4 - 5 km WSW of Whitehawk, California",641,Point,"[-120.606, 39.6953333, 18.558]",641
0,2.24,"16 km SSW of Kanosh, Utah",640379095850,1535429110100,,https://earthquake.usgs.gov/earthquakes/eventpage/uu50049235,https://earthquake.usgs.gov/fdsnws/event/1/query?eventid=uu50049235&format=geojson,,,,,reviewed,0,77,uu,50049235,",uu50049235,",",uu,",",origin,phase-data,",12,0.2899,0.21,98,md,earthquake,"M 2.2 - 16 km SSW of Kanosh, Utah",642,Point,"[-112.54, 38.675, 5.97]",642
0,2.03,"16km WSW of Isla Vista, CA",640367285640,1454631121820,,https://earthquake.usgs.gov/earthquakes/eventpage/ci1057303,https://earthquake.usgs.gov/fdsnws/event/1/query?eventid=ci1057303&format=geojson,,,,,reviewed,0,63,ci,1057303,",ci1057303,",",ci,",",origin,phase-data,",0,0.1511,0.126,216,mc,earthquake,"M 2.0 - 16km WSW of Isla Vista, CA",643,Point,"[-120.032, 34.383, 0.185]",643
0,2.16,"5 km SSW of Cobb, California",640362733500,1481950697760,,https://earthquake.usgs.gov/earthquakes/eventpage/nc156234,https://earthquake.usgs.gov/fdsnws/event/1/query?eventid=nc156234&format=geojson,,,,,reviewed,0,72,nc,156234,",nc156234,",",nc,",",focal-mechanism,nearby-cities,origin,phase-data,",30,0.02613,0.05,34,md,earthquake,"M 2.2 - 5 km SSW of Cobb, California",644,Point,"[-122.749, 38.7771667, 1.221]",644
0,2.13,"1km N of Claremont, CA",640362279330,1454633838450,,https://earthquake.usgs.gov/earthquakes/eventpage/ci678748,https://earthquake.usgs.gov/fdsnws/event/1/query?eventid=ci678748&format=geojson,,,,,reviewed,0,70,ci,678748,",ci678748,",",ci,",",origin,phase-data,",0,,0.06,94.8,mc,earthquake,"M 2.1 - 1km N of Claremont, CA",645,Point,"[-117.722, 34.106, 3.736]",645
0,2.93,"1km NNW of Claremont, CA",640361986330,1454626986790,,https://earthquake.usgs.gov/earthquakes/eventpage/ci1057302,https://earthquake.usgs.gov/fdsnws/event/1/query?eventid=ci1057302&format=geojson,,,,,reviewed,0,132,ci,1057302,",usp000481d,ci1057302,",",us,ci,",",origin,phase-data,",0,,0.085,76,ml,earthquake,"M 2.9 - 1km NNW of Claremont, CA",646,Point,"[-117.723, 34.105, 3.423]",646
0,3.51,"1km N of Claremont, CA",640361519380,1454629041890,,https://earthquake.usgs.gov/earthquakes/eventpage/ci1057301,https://earthquake.usgs.gov/fdsnws/event/1/query?eventid=ci1057301&format=geojson,,,,,reviewed,0,190,ci,1057301,",usp000481c,ci1057301,",",us,ci,",",origin,phase-data,",0,,0.114,43.1,ml,earthquake,"M 3.5 - 1km N of Claremont, CA",647,Point,"[-117.721, 34.106, 3.143]",647
0,2.25,"4 km NNW of Diablo, California",640352495830,1481950673507,,https://earthquake.usgs.gov/earthquakes/eventpage/nc156230,https://earthquake.usgs.gov/fdsnws/event/1/query?eventid=nc156230&format=geojson,,,,,reviewed,0,78,nc,156230,",nc156230,",",nc,",",nearby-cities,origin,phase-data,",16,0.07207,0.06,114,md,earthquake,"M 2.3 - 4 km NNW of Diablo, California",648,Point,"[-121.9791667, 37.87, 3.087]",648
0,2,"20km SW of Little Lake, CA",640347522210,1454632485400,,https://earthquake.usgs.gov/earthquakes/eventpage/ci1057295,https://earthquake.usgs.gov/fdsnws/event/1/query?eventid=ci1057295&format=geojson,,,,,reviewed,0,62,ci,1057295,",ci1057295,",",ci,",",origin,phase-data,",0,,0.068,64.4,mc,earthquake,"M 2.0 - 20km SW of Little Lake, CA",649,Point,"[-118.031, 35.787, 9.672]",649
0,3.56,"8km N of Claremont, CA",640342052220,1454633143780,,https://earthquake.usgs.gov/earthquakes/eventpage/ci1057290,https://earthquake.usgs.gov/fdsnws/event/1/query?eventid=ci1057290&format=geojson,,,,,reviewed,0,195,ci,1057290,",usp0004814,ci1057290,",",us,ci,",",origin,phase-data,",0,,0.113,38.7,ml,earthquake,"M 3.6 - 8km N of Claremont, CA",650,Point,"[-117.733, 34.163, 10.977]",650
0,2.09,"1km NNE of Claremont, CA",640335067880,1454624302420,,https://earthquake.usgs.gov/earthquakes/eventpage/ci1057284,https://earthquake.usgs.gov/fdsnws/event/1/query?eventid=ci1057284&format=geojson,,,,,reviewed,0,67,ci,1057284,",ci1057284,",",ci,",",origin,phase-data,",0,,0.087,95,mc,earthquake,"M 2.1 - 1km NNE of Claremont, CA",651,Point,"[-117.717, 34.108, 3.413]",651
0,2.08,"4 km NNW of Diablo, California",640334127270,1481950588050,,https://earthquake.usgs.gov/earthquakes/eventpage/nc156221,https://earthquake.usgs.gov/fdsnws/event/1/query?eventid=nc156221&format=geojson,,,,,reviewed,0,67,nc,156221,",nc156221,",",nc,",",focal-mechanism,nearby-cities,origin,phase-data,",34,0.07477,0.08,58,md,earthquake,"M 2.1 - 4 km NNW of Diablo, California",652,Point,"[-121.9825, 37.8685, 5.457]",652
0,2.33,"4 km W of Alamo, California",640332317830,1481950565517,,https://earthquake.usgs.gov/earthquakes/eventpage/nc156355,https://earthquake.usgs.gov/fdsnws/event/1/query?eventid=nc156355&format=geojson,,,,,reviewed,0,84,nc,156355,",nc156355,",",nc,",",nearby-cities,origin,phase-data,",4,0.03243,0,171,md,earthquake,"M 2.3 - 4 km W of Alamo, California",653,Point,"[-122.0788333, 37.8468333, 5.662]",653
0,2.96,"24km W of Ludlow, CA",640302751650,1454629039180,,https://earthquake.usgs.gov/earthquakes/eventpage/ci1057273,https://earthquake.usgs.gov/fdsnws/event/1/query?eventid=ci1057273&format=geojson,,,,,reviewed,0,135,ci,1057273,",ci1057273,",",ci,",",origin,phase-data,",0,0.1092,0.198,138.3,mc,quarry blast,"M 3.0 Quarry Blast - 24km W of Ludlow, CA",654,Point,"[-116.42, 34.75, -1.039]",654
0,2.08,"4km NW of Boron, CA",640300901950,1454626328550,,https://earthquake.usgs.gov/earthquakes/eventpage/ci1057271,https://earthquake.usgs.gov/fdsnws/event/1/query?eventid=ci1057271&format=geojson,,,,,reviewed,0,67,ci,1057271,",ci1057271,",",ci,",",origin,phase-data,",0,0.09356,0.1,49.4,mc,quarry blast,"M 2.1 Quarry Blast - 4km NW of Boron, CA",655,Point,"[-117.68, 35.03, -0.758]",655
0,3.1,"12 km S of Tres Pinos, California",640299382590,1481950503470,,https://earthquake.usgs.gov/earthquakes/eventpage/nc156209,https://earthquake.usgs.gov/fdsnws/event/1/query?eventid=nc156209&format=geojson,,,,,reviewed,0,148,nc,156209,",nc156209,usp000480g,",",nc,us,",",focal-mechanism,nearby-cities,origin,phase-data,",79,0.02072,0.06,39,ml,earthquake,"M 3.1 - 12 km S of Tres Pinos, California",656,Point,"[-121.2976667, 36.675, 4.176]",656
0,2.19,"7 km SSE of Soda Springs, California",640290960380,1481950476809,,https://earthquake.usgs.gov/earthquakes/eventpage/nc156087,https://earthquake.usgs.gov/fdsnws/event/1/query?eventid=nc156087&format=geojson,,,,,reviewed,0,74,nc,156087,",nc156087,",",nc,",",nearby-cities,origin,phase-data,",15,0.4252,0.13,269,md,earthquake,"M 2.2 - 7 km SSE of Soda Springs, California",657,Point,"[-120.3348333, 39.2683333, 0.53]",657
0,2.47,"12 km S of Tres Pinos, California",640271621790,1481950448630,,https://earthquake.usgs.gov/earthquakes/eventpage/nc156081,https://earthquake.usgs.gov/fdsnws/event/1/query?eventid=nc156081&format=geojson,,,,,reviewed,0,94,nc,156081,",nc156081,",",nc,",",focal-mechanism,nearby-cities,origin,phase-data,",70,0.01982,0.05,39,md,earthquake,"M 2.5 - 12 km S of Tres Pinos, California",658,Point,"[-121.2965, 36.6746667, 3.976]",658
0,2.06,"1km N of Claremont, CA",640265532970,1454625665900,,https://earthquake.usgs.gov/earthquakes/eventpage/ci141598,https://earthquake.usgs.gov/fdsnws/event/1/query?eventid=ci141598&format=geojson,,,,,reviewed,0,65,ci,141598,",ci141598,",",ci,",",origin,phase-data,",0,,0.081,95.1,mc,earthquake,"M 2.1 - 1km N of Claremont, CA",659,Point,"[-117.718, 34.107, 2.693]",659
0,2.78,"1km N of Claremont, CA",640254249000,1454628378700,,https://earthquake.usgs.gov/earthquakes/eventpage/ci1057256,https://earthquake.usgs.gov/fdsnws/event/1/query?eventid=ci1057256&format=geojson,,,,,reviewed,0,119,ci,1057256,",ci1057256,",",ci,",",origin,phase-data,",0,,0.102,47.6,ml,earthquake,"M 2.8 - 1km N of Claremont, CA",660,Point,"[-117.721, 34.108, 3.173]",660
0,3.39,"1km NNW of Claremont, CA",640254089090,1454624971840,,https://earthquake.usgs.gov/earthquakes/eventpage/ci1057255,https://earthquake.usgs.gov/fdsnws/event/1/query?eventid=ci1057255&format=geojson,,,,,reviewed,0,177,ci,1057255,",usp00047zn,ci1057255,",",us,ci,",",impact-text,origin,phase-data,",0,,0.109,42.5,ml,earthquake,"M 3.4 - 1km NNW of Claremont, CA",661,Point,"[-117.724, 34.106, 3.123]",661
0,2.15,"1km N of Claremont, CA",640248854510,1454632484170,,https://earthquake.usgs.gov/earthquakes/eventpage/ci141592,https://earthquake.usgs.gov/fdsnws/event/1/query?eventid=ci141592&format=geojson,,,,,reviewed,0,71,ci,141592,",ci141592,",",ci,",",origin,phase-data,",0,,0.091,75.2,mc,earthquake,"M 2.2 - 1km N of Claremont, CA",662,Point,"[-117.72, 34.108, 2.973]",662
0,2.45,"24km SSE of Santa Rosa Is., CA",640240124490,1454627677590,,https://earthquake.usgs.gov/earthquakes/eventpage/ci1057249,https://earthquake.usgs.gov/fdsnws/event/1/query?eventid=ci1057249&format=geojson,,,,,reviewed,0,92,ci,1057249,",ci1057249,",",ci,",",origin,phase-data,",0,,0.284,202.5,mc,earthquake,"M 2.5 - 24km SSE of Santa Rosa Is., CA",663,Point,"[-120.04, 33.737, 5.349]",663
0,2.71,"23km N of Borrego Springs, CA",640237309790,1454631119700,,https://earthquake.usgs.gov/earthquakes/eventpage/ci1057248,https://earthquake.usgs.gov/fdsnws/event/1/query?eventid=ci1057248&format=geojson,,,,,reviewed,0,113,ci,1057248,",ci1057248,",",ci,",",origin,phase-data,",0,,0.119,40.7,mc,earthquake,"M 2.7 - 23km N of Borrego Springs, CA",664,Point,"[-116.407, 33.458, 12.209]",664
0,2.25,"24km N of Borrego Springs, CA",640237282330,1454633836580,,https://earthquake.usgs.gov/earthquakes/eventpage/ci141588,https://earthquake.usgs.gov/fdsnws/event/1/query?eventid=ci141588&format=geojson,,,,,reviewed,0,78,ci,141588,",ci141588,",",ci,",",origin,phase-data,",0,,0.113,58.8,mc,earthquake,"M 2.3 - 24km N of Borrego Springs, CA",665,Point,"[-116.4, 33.466, 12.509]",665
0,2.03,"20km NNE of Indio, CA",640231452420,1454630437640,,https://earthquake.usgs.gov/earthquakes/eventpage/ci1057247,https://earthquake.usgs.gov/fdsnws/event/1/query?eventid=ci1057247&format=geojson,,,,,reviewed,0,63,ci,1057247,",ci1057247,",",ci,",",origin,phase-data,",0,,0.088,99.1,mc,earthquake,"M 2.0 - 20km NNE of Indio, CA",666,Point,"[-116.149, 33.895, 4.006]",666
0,2.12,"1 km NNW of Lexington Hills, California",640210188310,1481950218120,,https://earthquake.usgs.gov/earthquakes/eventpage/nc156044,https://earthquake.usgs.gov/fdsnws/event/1/query?eventid=nc156044&format=geojson,,,,,reviewed,0,69,nc,156044,",nc156044,",",nc,",",focal-mechanism,nearby-cities,origin,phase-data,",63,0.02162,0.13,51,md,earthquake,"M 2.1 - 1 km NNW of Lexington Hills, California",667,Point,"[-121.9823333, 37.1808333, 7.372]",667
0,2.05,"21km ENE of Big Bear City, CA",640202986840,1454633836120,,https://earthquake.usgs.gov/earthquakes/eventpage/ci1057238,https://earthquake.usgs.gov/fdsnws/event/1/query?eventid=ci1057238&format=geojson,,,,,reviewed,0,65,ci,1057238,",ci1057238,",",ci,",",origin,phase-data,",0,,0.049,83.5,mc,earthquake,"M 2.1 - 21km ENE of Big Bear City, CA",668,Point,"[-116.628, 34.319, 12.374]",668
0,2.24,"3 km SSE of North Gate, California",640198998180,1481950196289,,https://earthquake.usgs.gov/earthquakes/eventpage/nc156039,https://earthquake.usgs.gov/fdsnws/event/1/query?eventid=nc156039&format=geojson,,,,,reviewed,0,77,nc,156039,",nc156039,",",nc,",",nearby-cities,origin,phase-data,",23,0.06937,0.09,63,md,earthquake,"M 2.2 - 3 km SSE of North Gate, California",669,Point,"[-121.9806667, 37.8756667, 4.994]",669
0,2.32,"4 km NNW of Diablo, California",640181359110,1481950157390,,https://earthquake.usgs.gov/earthquakes/eventpage/nc156016,https://earthquake.usgs.gov/fdsnws/event/1/query?eventid=nc156016&format=geojson,,,,,reviewed,0,83,nc,156016,",nc156016,",",nc,",",focal-mechanism,nearby-cities,origin,phase-data,",34,0.07477,0.07,58,md,earthquake,"M 2.3 - 4 km NNW of Diablo, California",670,Point,"[-121.9828333, 37.8681667, 5.924]",670
0,2.18,"3km ENE of Cabazon, CA",640180030260,1454629738840,,https://earthquake.usgs.gov/earthquakes/eventpage/ci1057233,https://earthquake.usgs.gov/fdsnws/event/1/query?eventid=ci1057233&format=geojson,,,,,reviewed,0,73,ci,1057233,",ci1057233,",",ci,",",origin,phase-data,",0,,0.072,61.7,mc,earthquake,"M 2.2 - 3km ENE of Cabazon, CA",671,Point,"[-116.762, 33.929, 13.192]",671
0,2.27,"13km NNE of Cabazon, CA",640173947420,1454631118350,,https://earthquake.usgs.gov/earthquakes/eventpage/ci1057231,https://earthquake.usgs.gov/fdsnws/event/1/query?eventid=ci1057231&format=geojson,,,,,reviewed,0,79,ci,1057231,",ci1057231,",",ci,",",origin,phase-data,",0,,0.068,54.9,mc,earthquake,"M 2.3 - 13km NNE of Cabazon, CA",672,Point,"[-116.742, 34.025, 10.77]",672
0,2.22,"5km NE of Villa Park, CA",640169136610,1454626327600,,https://earthquake.usgs.gov/earthquakes/eventpage/ci1057227,https://earthquake.usgs.gov/fdsnws/event/1/query?eventid=ci1057227&format=geojson,,,,,reviewed,0,76,ci,1057227,",ci1057227,",",ci,",",origin,phase-data,",0,,0.103,89.3,mc,earthquake,"M 2.2 - 5km NE of Villa Park, CA",673,Point,"[-117.774, 33.843, 5.841]",673
0,3.06,"4 km WSW of Cobb, California",640153034740,1481950063490,,https://earthquake.usgs.gov/earthquakes/eventpage/nc156152,https://earthquake.usgs.gov/fdsnws/event/1/query?eventid=nc156152&format=geojson,,,,,reviewed,0,144,nc,156152,",nc156152,usp00047y9,",",nc,us,",",focal-mechanism,nearby-cities,origin,phase-data,",44,0.01802,0.07,39,md,earthquake,"M 3.1 - 4 km WSW of Cobb, California",674,Point,"[-122.7723333, 38.8026667, 0.701]",674
0,2.11,"2km N of Claremont, CA",640151445880,1454633140230,,https://earthquake.usgs.gov/earthquakes/eventpage/ci1057217,https://earthquake.usgs.gov/fdsnws/event/1/query?eventid=ci1057217&format=geojson,,,,,reviewed,0,68,ci,1057217,",ci1057217,",",ci,",",origin,phase-data,",0,,0.083,73.6,mc,earthquake,"M 2.1 - 2km N of Claremont, CA",675,Point,"[-117.717, 34.113, 3.603]",675
0,2.08,"24 km ENE of Greenfield, California",640142906520,1481950038680,,https://earthquake.usgs.gov/earthquakes/eventpage/nc156151,https://earthquake.usgs.gov/fdsnws/event/1/query?eventid=nc156151&format=geojson,,,,,reviewed,0,67,nc,156151,",nc156151,",",nc,",",focal-mechanism,nearby-cities,origin,phase-data,",38,0.02883,0.05,66,md,earthquake,"M 2.1 - 24 km ENE of Greenfield, California",676,Point,"[-120.9893333, 36.4078333, 5.161]",676
0,2.19,"10 km NNE of Larkfield-Wikiup, California",640136121340,1481950016840,,https://earthquake.usgs.gov/earthquakes/eventpage/nc155994,https://earthquake.usgs.gov/fdsnws/event/1/query?eventid=nc155994&format=geojson,,,,,reviewed,0,74,nc,155994,",nc155994,",",nc,",",focal-mechanism,nearby-cities,origin,phase-data,",39,0.04955,0.16,34,md,earthquake,"M 2.2 - 10 km NNE of Larkfield-Wikiup, California",677,Point,"[-122.7008333, 38.5963333, 3.404]",677
0,2.31,"11 km E of Artois, California",640126812280,1481949981688,,https://earthquake.usgs.gov/earthquakes/eventpage/nc1175251,https://earthquake.usgs.gov/fdsnws/event/1/query?eventid=nc1175251&format=geojson,,,,,reviewed,0,82,nc,1175251,",nc1175251,",",nc,",",nearby-cities,origin,phase-data,",10,0.3468,0.27,170,md,earthquake,"M 2.3 - 11 km E of Artois, California",678,Point,"[-122.0581667, 39.6095, 12.547]",678
0,2,Northern California,640118323570,1481949958912,,https://earthquake.usgs.gov/earthquakes/eventpage/nc155940,https://earthquake.usgs.gov/fdsnws/event/1/query?eventid=nc155940&format=geojson,,,,,reviewed,0,62,nc,155940,",nc155940,",",nc,",",nearby-cities,origin,phase-data,",19,0.006306,0.05,41,md,earthquake,M 2.0 - Northern California,679,Point,"[-122.8003333, 38.8028333, 0.861]",679
0,2.64,"18km NNE of Indio, CA",640112674950,1454629038270,,https://earthquake.usgs.gov/earthquakes/eventpage/ci1057201,https://earthquake.usgs.gov/fdsnws/event/1/query?eventid=ci1057201&format=geojson,,,,,reviewed,0,107,ci,1057201,",ci1057201,",",ci,",",origin,phase-data,",0,,0.097,70.3,ml,earthquake,"M 2.6 - 18km NNE of Indio, CA",680,Point,"[-116.16, 33.88, 3.846]",680
0,2.02,"20km SW of Little Lake, CA",640106526250,1454631116200,,https://earthquake.usgs.gov/earthquakes/eventpage/ci1057196,https://earthquake.usgs.gov/fdsnws/event/1/query?eventid=ci1057196&format=geojson,,,,,reviewed,0,63,ci,1057196,",ci1057196,",",ci,",",origin,phase-data,",0,,0.069,64.3,mc,earthquake,"M 2.0 - 20km SW of Little Lake, CA",681,Point,"[-118.03, 35.787, 9.702]",681
0,2.73,"20km SW of Little Lake, CA",640106223230,1454626326600,,https://earthquake.usgs.gov/earthquakes/eventpage/ci1057195,https://earthquake.usgs.gov/fdsnws/event/1/query?eventid=ci1057195&format=geojson,,,,,reviewed,0,115,ci,1057195,",ci1057195,",",ci,",",origin,phase-data,",0,,0.067,64.4,mc,earthquake,"M 2.7 - 20km SW of Little Lake, CA",682,Point,"[-118.031, 35.787, 9.602]",682
0,2.02,Northern California,640106188670,1481949925742,,https://earthquake.usgs.gov/earthquakes/eventpage/nc155933,https://earthquake.usgs.gov/fdsnws/event/1/query?eventid=nc155933&format=geojson,,,,,reviewed,0,63,nc,155933,",nc155933,",",nc,",",nearby-cities,origin,phase-data,",17,0.07117,0.07,60,md,earthquake,M 2.0 - Northern California,683,Point,"[-121.9793333, 37.8716667, 5.507]",683
0,2.68,"18km NNE of Indio, CA",640098810690,1454629037730,,https://earthquake.usgs.gov/earthquakes/eventpage/ci1057193,https://earthquake.usgs.gov/fdsnws/event/1/query?eventid=ci1057193&format=geojson,,,,,reviewed,0,110,ci,1057193,",ci1057193,",",ci,",",origin,phase-data,",0,,0.091,70.5,mc,earthquake,"M 2.7 - 18km NNE of Indio, CA",684,Point,"[-116.159, 33.874, 3.796]",684
0,2.38,"3 km WNW of Pacifica, California",640096922800,1481949904650,,https://earthquake.usgs.gov/earthquakes/eventpage/nc155928,https://earthquake.usgs.gov/fdsnws/event/1/query?eventid=nc155928&format=geojson,,,,,reviewed,0,87,nc,155928,",nc155928,usp00047xh,",",nc,us,",",focal-mechanism,impact-text,nearby-cities,origin,phase-data,",60,0.03784,0.05,152,md,earthquake,"M 2.4 - 3 km WNW of Pacifica, California",685,Point,"[-122.5225, 37.628, 7.374]",685
0,2.06,"18km NNE of Indio, CA",640094620280,1454630435690,,https://earthquake.usgs.gov/earthquakes/eventpage/ci1057185,https://earthquake.usgs.gov/fdsnws/event/1/query?eventid=ci1057185&format=geojson,,,,,reviewed,0,65,ci,1057185,",ci1057185,",",ci,",",origin,phase-data,",0,,0.093,90.5,mc,earthquake,"M 2.1 - 18km NNE of Indio, CA",686,Point,"[-116.152, 33.87, 1.436]",686
0,2.65,"18km NNE of Indio, CA",640092503690,1454627675790,,https://earthquake.usgs.gov/earthquakes/eventpage/ci141585,https://earthquake.usgs.gov/fdsnws/event/1/query?eventid=ci141585&format=geojson,,,,,reviewed,0,108,ci,141585,",ci141585,",",ci,",",origin,phase-data,",0,,0.086,72,ml,earthquake,"M 2.7 - 18km NNE of Indio, CA",687,Point,"[-116.15, 33.874, 2.666]",687
0,2.27,"18km NNE of Indio, CA",640092273330,1454627674880,,https://earthquake.usgs.gov/earthquakes/eventpage/ci1057182,https://earthquake.usgs.gov/fdsnws/event/1/query?eventid=ci1057182&format=geojson,,,,,reviewed,0,79,ci,1057182,",ci1057182,",",ci,",",origin,phase-data,",0,,0.137,90.7,mc,earthquake,"M 2.3 - 18km NNE of Indio, CA",688,Point,"[-116.152, 33.87, 2.266]",688
0,2.75,"16km NNE of Indio, CA",640091870170,1454627674430,,https://earthquake.usgs.gov/earthquakes/eventpage/ci1057181,https://earthquake.usgs.gov/fdsnws/event/1/query?eventid=ci1057181&format=geojson,,,,,reviewed,0,116,ci,1057181,",ci1057181,",",ci,",",origin,phase-data,",0,,0.094,158.8,mh,earthquake,"M 2.8 - 16km NNE of Indio, CA",689,Point,"[-116.16, 33.862, 2.032]",689
0,3.63,"18km NNE of Indio, CA",640091651850,1454624970260,,https://earthquake.usgs.gov/earthquakes/eventpage/ci1057180,https://earthquake.usgs.gov/fdsnws/event/1/query?eventid=ci1057180&format=geojson,,,,,reviewed,0,203,ci,1057180,",usp00047xe,ci1057180,",",us,ci,",",origin,phase-data,",0,,0.087,70.3,ml,earthquake,"M 3.6 - 18km NNE of Indio, CA",690,Point,"[-116.16, 33.873, 4.206]",690
0,2.06,"18km NNE of Indio, CA",640088190230,1454627674030,,https://earthquake.usgs.gov/earthquakes/eventpage/ci1057178,https://earthquake.usgs.gov/fdsnws/event/1/query?eventid=ci1057178&format=geojson,,,,,reviewed,0,65,ci,1057178,",ci1057178,",",ci,",",origin,phase-data,",0,,0.164,108.7,mc,earthquake,"M 2.1 - 18km NNE of Indio, CA",691,Point,"[-116.154, 33.873, 1.416]",691
0,2.49,"18km NNE of Indio, CA",640083357820,1454625662670,,https://earthquake.usgs.gov/earthquakes/eventpage/ci1057174,https://earthquake.usgs.gov/fdsnws/event/1/query?eventid=ci1057174&format=geojson,,,,,reviewed,0,95,ci,1057174,",ci1057174,",",ci,",",origin,phase-data,",0,,0.062,92,mc,earthquake,"M 2.5 - 18km NNE of Indio, CA",692,Point,"[-116.148, 33.875, 1.586]",692
0,2,"19km NNE of Indio, CA",640082850200,1454632482740,,https://earthquake.usgs.gov/earthquakes/eventpage/ci141582,https://earthquake.usgs.gov/fdsnws/event/1/query?eventid=ci141582&format=geojson,,,,,reviewed,0,62,ci,141582,",ci141582,",",ci,",",origin,phase-data,",0,,0.042,111.6,mc,earthquake,"M 2.0 - 19km NNE of Indio, CA",693,Point,"[-116.146, 33.882, 1.666]",693
0,2.2,"18km NNE of Indio, CA",640078559190,1454630435090,,https://earthquake.usgs.gov/earthquakes/eventpage/ci141581,https://earthquake.usgs.gov/fdsnws/event/1/query?eventid=ci141581&format=geojson,,,,,reviewed,0,74,ci,141581,",ci141581,",",ci,",",origin,phase-data,",0,,0.095,92.5,mc,earthquake,"M 2.2 - 18km NNE of Indio, CA",694,Point,"[-116.147, 33.877, 1.716]",694
0,2.16,"18km NNE of Indio, CA",640078155820,1454626325730,,https://earthquake.usgs.gov/earthquakes/eventpage/ci1057168,https://earthquake.usgs.gov/fdsnws/event/1/query?eventid=ci1057168&format=geojson,,,,,reviewed,0,72,ci,1057168,",ci1057168,",",ci,",",origin,phase-data,",0,,0.068,93,mc,earthquake,"M 2.2 - 18km NNE of Indio, CA",695,Point,"[-116.158, 33.875, 4.036]",695
0,2.08,"5 km ESE of Interlaken, California",640075364670,1481949866230,,https://earthquake.usgs.gov/earthquakes/eventpage/nc155924,https://earthquake.usgs.gov/fdsnws/event/1/query?eventid=nc155924&format=geojson,,,,,reviewed,0,67,nc,155924,",nc155924,",",nc,",",focal-mechanism,nearby-cities,origin,phase-data,",80,0.01441,0.07,57,md,earthquake,"M 2.1 - 5 km ESE of Interlaken, California",696,Point,"[-121.6793333, 36.9316667, 13.348]",696
0,2.17,"6km N of Claremont, CA",640075066740,1454627673580,,https://earthquake.usgs.gov/earthquakes/eventpage/ci1057166,https://earthquake.usgs.gov/fdsnws/event/1/query?eventid=ci1057166&format=geojson,,,,,reviewed,0,72,ci,1057166,",ci1057166,",",ci,",",origin,phase-data,",0,,0.103,74.1,mc,earthquake,"M 2.2 - 6km N of Claremont, CA",697,Point,"[-117.718, 34.152, 1.707]",697
0,2.12,"24km WNW of Inyokern, CA",640074194720,1454627673060,,https://earthquake.usgs.gov/earthquakes/eventpage/ci1057165,https://earthquake.usgs.gov/fdsnws/event/1/query?eventid=ci1057165&format=geojson,,,,,reviewed,0,69,ci,1057165,",ci1057165,",",ci,",",origin,phase-data,",0,,0.075,41.7,mc,earthquake,"M 2.1 - 24km WNW of Inyokern, CA",698,Point,"[-118.062, 35.727, 6.122]",698
0,2.11,"21km SW of La Quinta, CA",640072443020,1454628375840,,https://earthquake.usgs.gov/earthquakes/eventpage/ci1057164,https://earthquake.usgs.gov/fdsnws/event/1/query?eventid=ci1057164&format=geojson,,,,,reviewed,0,68,ci,1057164,",ci1057164,",",ci,",",origin,phase-data,",0,,0.14,72.9,mc,earthquake,"M 2.1 - 21km SW of La Quinta, CA",699,Point,"[-116.446, 33.517, 7.912]",699
0,2.25,"3 km WNW of Pacifica, California",640064504090,1481949815420,,https://earthquake.usgs.gov/earthquakes/eventpage/nc155920,https://earthquake.usgs.gov/fdsnws/event/1/query?eventid=nc155920&format=geojson,,,,,reviewed,0,78,nc,155920,",nc155920,",",nc,",",focal-mechanism,nearby-cities,origin,phase-data,",44,0.03784,0.05,152,md,earthquake,"M 2.3 - 3 km WNW of Pacifica, California",700,Point,"[-122.523, 37.6295, 7.104]",700
0,2.05,"5km NNE of Claremont, CA",640059283650,1454624969700,,https://earthquake.usgs.gov/earthquakes/eventpage/ci1057157,https://earthquake.usgs.gov/fdsnws/event/1/query?eventid=ci1057157&format=geojson,,,,,reviewed,0,65,ci,1057157,",ci1057157,",",ci,",",origin,phase-data,",0,,0.069,142.4,mc,earthquake,"M 2.1 - 5km NNE of Claremont, CA",701,Point,"[-117.7, 34.142, 4.714]",701
0,2.53,"4 km SSE of North Gate, California",640054590140,1481949777330,,https://earthquake.usgs.gov/earthquakes/eventpage/nc155989,https://earthquake.usgs.gov/fdsnws/event/1/query?eventid=nc155989&format=geojson,,,,,reviewed,0,98,nc,155989,",nc155989,",",nc,",",focal-mechanism,nearby-cities,origin,phase-data,",50,0.07387,0.13,46,md,earthquake,"M 2.5 - 4 km SSE of North Gate, California",702,Point,"[-121.9826667, 37.8696667, 5.677]",702
0,2.27,"4 km NW of Diablo, California",640054433640,1481949769020,,https://earthquake.usgs.gov/earthquakes/eventpage/nc155988,https://earthquake.usgs.gov/fdsnws/event/1/query?eventid=nc155988&format=geojson,,,,,reviewed,0,79,nc,155988,",nc155988,",",nc,",",focal-mechanism,nearby-cities,origin,phase-data,",39,0.07748,0.14,56,md,earthquake,"M 2.3 - 4 km NW of Diablo, California",703,Point,"[-121.987, 37.8645, 4.007]",703
0,2.08,"10 km N of Pittsburg, California",640051556150,1481949760453,,https://earthquake.usgs.gov/earthquakes/eventpage/nc155986,https://earthquake.usgs.gov/fdsnws/event/1/query?eventid=nc155986&format=geojson,,,,,reviewed,0,67,nc,155986,",nc155986,",",nc,",",nearby-cities,origin,phase-data,",20,0.06036,0.15,97,md,earthquake,"M 2.1 - 10 km N of Pittsburg, California",704,Point,"[-121.8631667, 38.1181667, 20.855]",704
0,2.2,Northern California,640048756380,1481949748020,,https://earthquake.usgs.gov/earthquakes/eventpage/nc156097,https://earthquake.usgs.gov/fdsnws/event/1/query?eventid=nc156097&format=geojson,,,,,reviewed,0,74,nc,156097,",nc156097,",",nc,",",focal-mechanism,nearby-cities,origin,phase-data,",25,0.07207,0.07,111,md,earthquake,M 2.2 - Northern California,705,Point,"[-121.9771667, 37.867, 4.797]",705
0,2.16,"15 km E of Hidden Valley Lake, California",640043678010,1481949707474,,https://earthquake.usgs.gov/earthquakes/eventpage/nc155911,https://earthquake.usgs.gov/fdsnws/event/1/query?eventid=nc155911&format=geojson,,,,,reviewed,0,72,nc,155911,",nc155911,",",nc,",",nearby-cities,origin,phase-data,",14,0.05405,0.22,63,md,quarry blast,"M 2.2 Quarry Blast - 15 km E of Hidden Valley Lake, California",706,Point,"[-122.3831667, 38.8253333, -0.436]",706
0,2.09,"19km NNE of Indio, CA",640041079570,1454631114460,,https://earthquake.usgs.gov/earthquakes/eventpage/ci141580,https://earthquake.usgs.gov/fdsnws/event/1/query?eventid=ci141580&format=geojson,,,,,reviewed,0,67,ci,141580,",ci141580,",",ci,",",origin,phase-data,",0,,0.033,188.5,mc,earthquake,"M 2.1 - 19km NNE of Indio, CA",707,Point,"[-116.136, 33.874, 4.772]",707
0,2.16,"13km N of Borrego Springs, CA",640035824010,1454625661830,,https://earthquake.usgs.gov/earthquakes/eventpage/ci1057135,https://earthquake.usgs.gov/fdsnws/event/1/query?eventid=ci1057135&format=geojson,,,,,reviewed,0,72,ci,1057135,",ci1057135,",",ci,",",origin,phase-data,",0,,0.066,57.7,mc,earthquake,"M 2.2 - 13km N of Borrego Springs, CA",708,Point,"[-116.395, 33.374, 9.72]",708
0,2.06,"19km NNE of Indio, CA",640032650680,1454626981620,,https://earthquake.usgs.gov/earthquakes/eventpage/ci1057134,https://earthquake.usgs.gov/fdsnws/event/1/query?eventid=ci1057134&format=geojson,,,,,reviewed,0,65,ci,1057134,",ci1057134,",",ci,",",origin,phase-data,",0,,0.065,93.7,mc,earthquake,"M 2.1 - 19km NNE of Indio, CA",709,Point,"[-116.149, 33.88, 1.636]",709
0,2.44,"1km SE of Anza, CA",640027747160,1454624298810,,https://earthquake.usgs.gov/earthquakes/eventpage/ci141578,https://earthquake.usgs.gov/fdsnws/event/1/query?eventid=ci141578&format=geojson,,,,,reviewed,0,92,ci,141578,",ci141578,",",ci,",",origin,phase-data,",0,,0.084,45.4,mc,earthquake,"M 2.4 - 1km SE of Anza, CA",710,Point,"[-116.667, 33.547, 10.512]",710
0,2.1,"5km NNE of Claremont, CA",640015506390,1454633137940,,https://earthquake.usgs.gov/earthquakes/eventpage/ci1057096,https://earthquake.usgs.gov/fdsnws/event/1/query?eventid=ci1057096&format=geojson,,,,,reviewed,0,68,ci,1057096,",ci1057096,",",ci,",",origin,phase-data,",0,,0.071,96.6,mc,earthquake,"M 2.1 - 5km NNE of Claremont, CA",711,Point,"[-117.702, 34.143, 7.957]",711
0,2.34,"4km NNE of Claremont, CA",640012855660,1454625661310,,https://earthquake.usgs.gov/earthquakes/eventpage/ci1057093,https://earthquake.usgs.gov/fdsnws/event/1/query?eventid=ci1057093&format=geojson,,,,,reviewed,0,84,ci,1057093,",ci1057093,",",ci,",",origin,phase-data,",0,,0.059,67.5,mc,earthquake,"M 2.3 - 4km NNE of Claremont, CA",712,Point,"[-117.705, 34.133, 4.251]",712
0,2.22,"19km NNE of Indio, CA",640010250100,1454624968790,,https://earthquake.usgs.gov/earthquakes/eventpage/ci1057091,https://earthquake.usgs.gov/fdsnws/event/1/query?eventid=ci1057091&format=geojson,,,,,reviewed,0,76,ci,1057091,",ci1057091,",",ci,",",origin,phase-data,",0,,0.141,70.5,mc,earthquake,"M 2.2 - 19km NNE of Indio, CA",713,Point,"[-116.159, 33.884, 2.506]",713
0,2.19,"1km WSW of Woodland Hills, CA",640009362580,1454628375340,,https://earthquake.usgs.gov/earthquakes/eventpage/ci1057090,https://earthquake.usgs.gov/fdsnws/event/1/query?eventid=ci1057090&format=geojson,,,,,reviewed,0,74,ci,1057090,",ci1057090,",",ci,",",origin,phase-data,",0,,0.108,51.2,mc,earthquake,"M 2.2 - 1km WSW of Woodland Hills, CA",714,Point,"[-118.61, 34.166, 16.473]",714
0,3.04,"19km NNE of Indio, CA",640007280420,1454623609330,,https://earthquake.usgs.gov/earthquakes/eventpage/ci1057089,https://earthquake.usgs.gov/fdsnws/event/1/query?eventid=ci1057089&format=geojson,,,,,reviewed,0,142,ci,1057089,",ci1057089,",",ci,",",origin,phase-data,",0,,0.113,71.3,ml,earthquake,"M 3.0 - 19km NNE of Indio, CA",715,Point,"[-116.154, 33.88, 2.836]",715
0,2,"19km NNE of Indio, CA",640006985400,1454630434560,,https://earthquake.usgs.gov/earthquakes/eventpage/ci1057088,https://earthquake.usgs.gov/fdsnws/event/1/query?eventid=ci1057088&format=geojson,,,,,reviewed,0,62,ci,1057088,",ci1057088,",",ci,",",origin,phase-data,",0,,0.084,71.3,mc,earthquake,"M 2.0 - 19km NNE of Indio, CA",716,Point,"[-116.154, 33.883, 2.826]",716
0,2.01,"18km NNE of Indio, CA",640003021540,1454633833300,,https://earthquake.usgs.gov/earthquakes/eventpage/ci1057086,https://earthquake.usgs.gov/fdsnws/event/1/query?eventid=ci1057086&format=geojson,,,,,reviewed,0,62,ci,1057086,",ci1057086,",",ci,",",origin,phase-data,",0,,0.069,163,mc,earthquake,"M 2.0 - 18km NNE of Indio, CA",717,Point,"[-116.145, 33.871, 1.162]",717
0,2.78,"7km SSE of Santa Clarita, CA",639997975930,1454629737380,,https://earthquake.usgs.gov/earthquakes/eventpage/ci1057083,https://earthquake.usgs.gov/fdsnws/event/1/query?eventid=ci1057083&format=geojson,,,,,reviewed,0,119,ci,1057083,",ci1057083,",",ci,",",origin,phase-data,",0,,0.165,40.1,ml,earthquake,"M 2.8 - 7km SSE of Santa Clarita, CA",718,Point,"[-118.482, 34.353, 0.704]",718
0,2.16,"19km NNE of Indio, CA",639995692120,1454632481920,,https://earthquake.usgs.gov/earthquakes/eventpage/ci1057079,https://earthquake.usgs.gov/fdsnws/event/1/query?eventid=ci1057079&format=geojson,,,,,reviewed,0,72,ci,1057079,",ci1057079,",",ci,",",origin,phase-data,",0,,0.1,72,mc,earthquake,"M 2.2 - 19km NNE of Indio, CA",719,Point,"[-116.15, 33.883, 2.876]",719
0,2.49,"10 km ESE of Mammoth Lakes, California",639988720950,1481949553030,,https://earthquake.usgs.gov/earthquakes/eventpage/nc155882,https://earthquake.usgs.gov/fdsnws/event/1/query?eventid=nc155882&format=geojson,,,,,reviewed,0,95,nc,155882,",nc155882,",",nc,",",focal-mechanism,nearby-cities,origin,phase-data,",33,0.01261,0.05,68,md,earthquake,"M 2.5 - 10 km ESE of Mammoth Lakes, California",720,Point,"[-118.8628333, 37.6183333, 4.69]",720
0,2.1,"4km NE of La Verne, CA",639979317980,1454628374350,,https://earthquake.usgs.gov/earthquakes/eventpage/ci1057073,https://earthquake.usgs.gov/fdsnws/event/1/query?eventid=ci1057073&format=geojson,,,,,reviewed,0,68,ci,1057073,",ci1057073,",",ci,",",origin,phase-data,",0,,0.081,81,mc,earthquake,"M 2.1 - 4km NE of La Verne, CA",721,Point,"[-117.741, 34.126, 4.457]",721
0,2.27,"18km NNE of Indio, CA",639979015080,1454631113730,,https://earthquake.usgs.gov/earthquakes/eventpage/ci1057072,https://earthquake.usgs.gov/fdsnws/event/1/query?eventid=ci1057072&format=geojson,,,,,reviewed,0,79,ci,1057072,",ci1057072,",",ci,",",origin,phase-data,",0,,0.068,164.4,mc,earthquake,"M 2.3 - 18km NNE of Indio, CA",722,Point,"[-116.151, 33.876, 2.843]",722
0,2.11,"19km NNE of Indio, CA",639976548940,1454627671350,,https://earthquake.usgs.gov/earthquakes/eventpage/ci1057070,https://earthquake.usgs.gov/fdsnws/event/1/query?eventid=ci1057070&format=geojson,,,,,reviewed,0,68,ci,1057070,",ci1057070,",",ci,",",origin,phase-data,",0,,0.137,93.7,mc,earthquake,"M 2.1 - 19km NNE of Indio, CA",723,Point,"[-116.151, 33.88, 2.676]",723
0,2.04,"19km NNE of Indio, CA",639975843290,1454624968260,,https://earthquake.usgs.gov/earthquakes/eventpage/ci1057069,https://earthquake.usgs.gov/fdsnws/event/1/query?eventid=ci1057069&format=geojson,,,,,reviewed,0,64,ci,1057069,",ci1057069,",",ci,",",origin,phase-data,",0,,0.1,92.5,mc,earthquake,"M 2.0 - 19km NNE of Indio, CA",724,Point,"[-116.144, 33.878, 0.506]",724
0,2.05,"13km NE of Lake Arrowhead, CA",639960531560,1454625660800,,https://earthquake.usgs.gov/earthquakes/eventpage/ci1057065,https://earthquake.usgs.gov/fdsnws/event/1/query?eventid=ci1057065&format=geojson,,,,,reviewed,0,65,ci,1057065,",ci1057065,",",ci,",",origin,phase-data,",0,,0.095,88,mc,earthquake,"M 2.1 - 13km NE of Lake Arrowhead, CA",725,Point,"[-117.092, 34.335, 4.953]",725
0,2.11,"16km NNE of Apple Valley, CA",639956092670,1454624297820,,https://earthquake.usgs.gov/earthquakes/eventpage/ci678514,https://earthquake.usgs.gov/fdsnws/event/1/query?eventid=ci678514&format=geojson,,,,,reviewed,0,68,ci,678514,",ci678514,",",ci,",",origin,phase-data,",0,,0.059,157.1,mc,quarry blast,"M 2.1 Quarry Blast - 16km NNE of Apple Valley, CA",726,Point,"[-117.12, 34.63, -0.89]",726
0,2.07,"4 km NNW of Diablo, California",639946442680,1481949418415,,https://earthquake.usgs.gov/earthquakes/eventpage/nc155856,https://earthquake.usgs.gov/fdsnws/event/1/query?eventid=nc155856&format=geojson,,,,,reviewed,0,66,nc,155856,",nc155856,",",nc,",",nearby-cities,origin,phase-data,",17,0.07748,0.07,109,md,earthquake,"M 2.1 - 4 km NNW of Diablo, California",727,Point,"[-121.9831667, 37.865, 4.567]",727
0,2.01,"45km NE of Holtville, CA",639945113530,1454625660350,,https://earthquake.usgs.gov/earthquakes/eventpage/ci678507,https://earthquake.usgs.gov/fdsnws/event/1/query?eventid=ci678507&format=geojson,,,,,reviewed,0,62,ci,678507,",ci678507,",",ci,",",origin,phase-data,",0,,0.053,184.6,mc,quarry blast,"M 2.0 Quarry Blast - 45km NE of Holtville, CA",728,Point,"[-115, 33.06, -0.334]",728
0,2.1,"0 km NNE of Loyola, California",639943471510,1481949411011,,https://earthquake.usgs.gov/earthquakes/eventpage/nc1175184,https://earthquake.usgs.gov/fdsnws/event/1/query?eventid=nc1175184&format=geojson,,,,,reviewed,0,68,nc,1175184,",nc1175184,",",nc,",",nearby-cities,origin,phase-data,",6,0.02523,0.04,282,md,quarry blast,"M 2.1 Quarry Blast - 0 km NNE of Loyola, California",729,Point,"[-122.0975, 37.3586667, 1.148]",729
0,2.02,"5km W of Mira Loma, CA",639942908580,1454625659890,,https://earthquake.usgs.gov/earthquakes/eventpage/ci1057061,https://earthquake.usgs.gov/fdsnws/event/1/query?eventid=ci1057061&format=geojson,,,,,reviewed,0,63,ci,1057061,",ci1057061,",",ci,",",origin,phase-data,",0,,0.048,169.5,mc,earthquake,"M 2.0 - 5km W of Mira Loma, CA",730,Point,"[-117.571, 34, 4.516]",730
0,2.22,"3 km ENE of Alamo, California",639942637610,1481949403767,,https://earthquake.usgs.gov/earthquakes/eventpage/nc155853,https://earthquake.usgs.gov/fdsnws/event/1/query?eventid=nc155853&format=geojson,,,,,reviewed,0,76,nc,155853,",nc155853,",",nc,",",nearby-cities,origin,phase-data,",23,0.07477,0.06,56,md,earthquake,"M 2.2 - 3 km ENE of Alamo, California",731,Point,"[-121.9911667, 37.8645, 5.747]",731
0,2.49,"19km NNE of Indio, CA",639935923780,1454624967330,,https://earthquake.usgs.gov/earthquakes/eventpage/ci1057057,https://earthquake.usgs.gov/fdsnws/event/1/query?eventid=ci1057057&format=geojson,,,,,reviewed,0,95,ci,1057057,",ci1057057,",",ci,",",origin,phase-data,",0,,0.107,72,ml,earthquake,"M 2.5 - 19km NNE of Indio, CA",732,Point,"[-116.15, 33.886, 3.026]",732
0,2.65,"9 km ESE of East Foothills, California",639930173860,1481949335510,,https://earthquake.usgs.gov/earthquakes/eventpage/nc155845,https://earthquake.usgs.gov/fdsnws/event/1/query?eventid=nc155845&format=geojson,,,,,reviewed,0,108,nc,155845,",nc155845,usp00047uv,",",nc,us,",",focal-mechanism,nearby-cities,origin,phase-data,",84,0.03423,0.04,33,md,earthquake,"M 2.7 - 9 km ESE of East Foothills, California",733,Point,"[-121.7156667, 37.3508333, 7.228]",733
0,2.1,"2 km SW of Kingston, Utah",639928752590,1535429098350,,https://earthquake.usgs.gov/earthquakes/eventpage/uu50049145,https://earthquake.usgs.gov/fdsnws/event/1/query?eventid=uu50049145&format=geojson,,,,,reviewed,0,68,uu,50049145,",uu50049145,",",uu,",",origin,phase-data,",6,0.5951,0.26,174,md,earthquake,"M 2.1 - 2 km SW of Kingston, Utah",734,Point,"[-112.2143333, 38.193, 5.97]",734
0,2.49,"4 km ENE of Alamo, CA",639925424120,1481949300780,,https://earthquake.usgs.gov/earthquakes/eventpage/nc155841,https://earthquake.usgs.gov/fdsnws/event/1/query?eventid=nc155841&format=geojson,,,,,reviewed,0,95,nc,155841,",nc155841,",",nc,",",focal-mechanism,nearby-cities,origin,phase-data,",51,0.07477,0.08,73,md,earthquake,"M 2.5 - 4 km ENE of Alamo, CA",735,Point,"[-121.995, 37.868, 5.626]",735
0,3.17,"19km NNE of Indio, CA",639924088960,1454626323400,,https://earthquake.usgs.gov/earthquakes/eventpage/ci1057052,https://earthquake.usgs.gov/fdsnws/event/1/query?eventid=ci1057052&format=geojson,,,,,reviewed,0,155,ci,1057052,",usp00047us,ci1057052,",",us,ci,",",impact-text,origin,phase-data,",0,,0.109,71,ml,earthquake,"M 3.2 - 19km NNE of Indio, CA",736,Point,"[-116.156, 33.88, 3.946]",736
0,2.02,"1 km NE of North Gate, California",639924023040,1481949292070,,https://earthquake.usgs.gov/earthquakes/eventpage/nc155840,https://earthquake.usgs.gov/fdsnws/event/1/query?eventid=nc155840&format=geojson,,,,,reviewed,0,63,nc,155840,",nc155840,",",nc,",",focal-mechanism,nearby-cities,origin,phase-data,",31,0.0982,0.11,79,md,earthquake,"M 2.0 - 1 km NE of North Gate, California",737,Point,"[-121.9841667, 37.92, 15.656]",737
0,2.67,"19km NNE of Indio, CA",639923900270,1454631811660,,https://earthquake.usgs.gov/earthquakes/eventpage/ci141575,https://earthquake.usgs.gov/fdsnws/event/1/query?eventid=ci141575&format=geojson,,,,,reviewed,0,110,ci,141575,",ci141575,",",ci,",",origin,phase-data,",0,,0.114,72.6,ml,earthquake,"M 2.7 - 19km NNE of Indio, CA",738,Point,"[-116.147, 33.879, 1.696]",738
0,2,"4 km SSE of North Gate, California",639919685370,1481949277430,,https://earthquake.usgs.gov/earthquakes/eventpage/nc156029,https://earthquake.usgs.gov/fdsnws/event/1/query?eventid=nc156029&format=geojson,,,,,reviewed,0,62,nc,156029,",nc156029,",",nc,",",focal-mechanism,nearby-cities,origin,phase-data,",28,0.08198,0.05,74,md,earthquake,"M 2.0 - 4 km SSE of North Gate, California",739,Point,"[-121.985, 37.8708333, 7.336]",739
0,2.8,"20km NNE of Indio, CA",639906539440,1454631112180,,https://earthquake.usgs.gov/earthquakes/eventpage/ci1057042,https://earthquake.usgs.gov/fdsnws/event/1/query?eventid=ci1057042&format=geojson,,,,,reviewed,0,121,ci,1057042,",ci1057042,",",ci,",",origin,phase-data,",0,,0.118,72.7,ml,earthquake,"M 2.8 - 20km NNE of Indio, CA",740,Point,"[-116.147, 33.893, 2.916]",740
0,2.78,"3 km ENE of Alamo, California",639905234490,1481949231690,,https://earthquake.usgs.gov/earthquakes/eventpage/nc155832,https://earthquake.usgs.gov/fdsnws/event/1/query?eventid=nc155832&format=geojson,,,,,reviewed,0,119,nc,155832,",nc155832,",",nc,",",focal-mechanism,nearby-cities,origin,phase-data,",51,0.07477,0.08,57,md,earthquake,"M 2.8 - 3 km ENE of Alamo, California",741,Point,"[-121.9925, 37.8665, 6.434]",741
0,2.46,"22 km ENE of Soledad, California",639904850940,1481949223240,,https://earthquake.usgs.gov/earthquakes/eventpage/nc155831,https://earthquake.usgs.gov/fdsnws/event/1/query?eventid=nc155831&format=geojson,,,,,reviewed,0,93,nc,155831,",nc155831,ci1057037,",",nc,ci,",",focal-mechanism,nearby-cities,origin,phase-data,",56,0.01892,0.05,47,md,earthquake,"M 2.5 - 22 km ENE of Soledad, California",742,Point,"[-121.0981667, 36.515, 4.794]",742
0,2.1,"20km NNE of Indio, CA",639899777260,1454624966020,,https://earthquake.usgs.gov/earthquakes/eventpage/ci141624,https://earthquake.usgs.gov/fdsnws/event/1/query?eventid=ci141624&format=geojson,,,,,reviewed,0,68,ci,141624,",ci141624,",",ci,",",origin,phase-data,",0,,0.247,99,mc,earthquake,"M 2.1 - 20km NNE of Indio, CA",743,Point,"[-116.156, 33.892, 5.426]",743
0,2.25,Northern California,639896742230,1481949184990,,https://earthquake.usgs.gov/earthquakes/eventpage/nc155827,https://earthquake.usgs.gov/fdsnws/event/1/query?eventid=nc155827&format=geojson,,,,,reviewed,0,78,nc,155827,",nc155827,",",nc,",",focal-mechanism,nearby-cities,origin,phase-data,",34,0.07568,0.09,58,md,earthquake,M 2.3 - Northern California,744,Point,"[-121.9823333, 37.8675, 6.044]",744
0,2.52,"4 km NNW of Diablo, California",639896339860,1481949173420,,https://earthquake.usgs.gov/earthquakes/eventpage/nc155826,https://earthquake.usgs.gov/fdsnws/event/1/query?eventid=nc155826&format=geojson,,,,,reviewed,0,98,nc,155826,",nc155826,",",nc,",",focal-mechanism,nearby-cities,origin,phase-data,",59,0.07297,0.08,48,md,earthquake,"M 2.5 - 4 km NNW of Diablo, California",745,Point,"[-121.9801667, 37.8683333, 6.084]",745
0,2.31,"4 km ESE of Interlaken, California",639895720230,1481949155750,,https://earthquake.usgs.gov/earthquakes/eventpage/nc155956,https://earthquake.usgs.gov/fdsnws/event/1/query?eventid=nc155956&format=geojson,,,,,reviewed,0,82,nc,155956,",nc155956,",",nc,",",focal-mechanism,nearby-cities,origin,phase-data,",88,0.01802,0.06,55,md,earthquake,"M 2.3 - 4 km ESE of Interlaken, California",746,Point,"[-121.682, 36.9385, 11.961]",746
0,3,"4 km ESE of Interlaken, California",639895553530,1481949146850,,https://earthquake.usgs.gov/earthquakes/eventpage/nc155955,https://earthquake.usgs.gov/fdsnws/event/1/query?eventid=nc155955&format=geojson,,,,,reviewed,0,138,nc,155955,",nc155955,usp00047ue,",",nc,us,",",focal-mechanism,nearby-cities,origin,phase-data,",91,0.01802,0.08,56,ml,earthquake,"M 3.0 - 4 km ESE of Interlaken, California",747,Point,"[-121.6836667, 36.9356667, 12.141]",747
0,2.64,"4km NNE of Claremont, CA",639893280150,1454625658480,,https://earthquake.usgs.gov/earthquakes/eventpage/ci1057030,https://earthquake.usgs.gov/fdsnws/event/1/query?eventid=ci1057030&format=geojson,,,,,reviewed,0,107,ci,1057030,",ci1057030,",",ci,",",origin,phase-data,",0,,0.088,42.1,ml,earthquake,"M 2.6 - 4km NNE of Claremont, CA",748,Point,"[-117.71, 34.13, 4.441]",748
0,2.05,"19km NNE of Indio, CA",639890740290,1454631811250,,https://earthquake.usgs.gov/earthquakes/eventpage/ci1057027,https://earthquake.usgs.gov/fdsnws/event/1/query?eventid=ci1057027&format=geojson,,,,,reviewed,0,65,ci,1057027,",ci1057027,",",ci,",",origin,phase-data,",0,,0.087,94.8,mc,earthquake,"M 2.1 - 19km NNE of Indio, CA",749,Point,"[-116.147, 33.885, 3.216]",749
0,2.22,"3 km WNW of Pacifica, California",639888802520,1481949114710,,https://earthquake.usgs.gov/earthquakes/eventpage/nc155819,https://earthquake.usgs.gov/fdsnws/event/1/query?eventid=nc155819&format=geojson,,,,,reviewed,0,76,nc,155819,",nc155819,",",nc,",",focal-mechanism,nearby-cities,origin,phase-data,",41,0.04054,0.07,184,md,earthquake,"M 2.2 - 3 km WNW of Pacifica, California",750,Point,"[-122.5251667, 37.6273333, 7.134]",750
0,3.4,"19km NNE of Indio, CA",639888356410,1454623606320,,https://earthquake.usgs.gov/earthquakes/eventpage/ci1057025,https://earthquake.usgs.gov/fdsnws/event/1/query?eventid=ci1057025&format=geojson,,,,,reviewed,0,178,ci,1057025,",usp00047ub,ci1057025,",",us,ci,",",origin,phase-data,",0,,0.128,72.2,ml,earthquake,"M 3.4 - 19km NNE of Indio, CA",751,Point,"[-116.15, 33.88, 1.646]",751
0,2.83,"12 km N of Morgan Hill, California",639885970270,1481949107180,,https://earthquake.usgs.gov/earthquakes/eventpage/nc155954,https://earthquake.usgs.gov/fdsnws/event/1/query?eventid=nc155954&format=geojson,,,,,reviewed,0,123,nc,155954,",nc155954,usp00047u9,",",nc,us,",",focal-mechanism,nearby-cities,origin,phase-data,",94,0.04144,0.05,52,md,earthquake,"M 2.8 - 12 km N of Morgan Hill, California",752,Point,"[-121.6283333, 37.2395, 4.927]",752
0,2.02,"19km NNE of Indio, CA",639885790390,1454631110840,,https://earthquake.usgs.gov/earthquakes/eventpage/ci1057022,https://earthquake.usgs.gov/fdsnws/event/1/query?eventid=ci1057022&format=geojson,,,,,reviewed,0,63,ci,1057022,",ci1057022,",",ci,",",origin,phase-data,",0,,0.171,93,mc,earthquake,"M 2.0 - 19km NNE of Indio, CA",753,Point,"[-116.146, 33.879, 1.716]",753
0,2.74,"19km NNE of Indio, CA",639884604490,1454629033670,,https://earthquake.usgs.gov/earthquakes/eventpage/ci1057020,https://earthquake.usgs.gov/fdsnws/event/1/query?eventid=ci1057020&format=geojson,,,,,reviewed,0,116,ci,1057020,",ci1057020,",",ci,",",origin,phase-data,",0,,0.098,71.3,ml,earthquake,"M 2.7 - 19km NNE of Indio, CA",754,Point,"[-116.154, 33.883, 3.526]",754
0,2.64,"19km NNE of Indio, CA",639884569230,1454624297300,,https://earthquake.usgs.gov/earthquakes/eventpage/ci141573,https://earthquake.usgs.gov/fdsnws/event/1/query?eventid=ci141573&format=geojson,,,,,reviewed,0,107,ci,141573,",ci141573,",",ci,",",origin,phase-data,",0,,0.112,71.3,mc,earthquake,"M 2.6 - 19km NNE of Indio, CA",755,Point,"[-116.154, 33.882, 3.676]",755
0,2.1,"18km NNE of Indio, CA",639884160200,1454631810770,,https://earthquake.usgs.gov/earthquakes/eventpage/ci1057017,https://earthquake.usgs.gov/fdsnws/event/1/query?eventid=ci1057017&format=geojson,,,,,reviewed,0,68,ci,1057017,",ci1057017,",",ci,",",origin,phase-data,",0,,0.128,95.4,mc,earthquake,"M 2.1 - 18km NNE of Indio, CA",756,Point,"[-116.161, 33.881, 4.106]",756
0,2.99,"18km NNE of Indio, CA",639883547750,1454624964930,,https://earthquake.usgs.gov/earthquakes/eventpage/ci1057015,https://earthquake.usgs.gov/fdsnws/event/1/query?eventid=ci1057015&format=geojson,,,,,reviewed,0,138,ci,1057015,",ci1057015,",",ci,",",origin,phase-data,",0,,0.158,71.6,ml,earthquake,"M 3.0 - 18km NNE of Indio, CA",757,Point,"[-116.152, 33.877, 1.636]",757
0,2,"2km NNE of Claremont, CA",639883277700,1454626322460,,https://earthquake.usgs.gov/earthquakes/eventpage/ci1057013,https://earthquake.usgs.gov/fdsnws/event/1/query?eventid=ci1057013&format=geojson,,,,,reviewed,0,62,ci,1057013,",ci1057013,",",ci,",",origin,phase-data,",0,,0.084,280.7,mc,earthquake,"M 2.0 - 2km NNE of Claremont, CA",758,Point,"[-117.716, 34.112, 3.476]",758
0,3.61,"19km NNE of Indio, CA",639882775680,1454629032540,,https://earthquake.usgs.gov/earthquakes/eventpage/ci1057012,https://earthquake.usgs.gov/fdsnws/event/1/query?eventid=ci1057012&format=geojson,,,,,reviewed,0,200,ci,1057012,",usp00047u7,ci1057012,",",us,ci,",",origin,phase-data,",0,,0.098,71.4,ml,earthquake,"M 3.6 - 19km NNE of Indio, CA",759,Point,"[-116.154, 33.881, 3.846]",759
0,2.18,"19km NNE of Indio, CA",639880091530,1454625657110,,https://earthquake.usgs.gov/earthquakes/eventpage/ci141571,https://earthquake.usgs.gov/fdsnws/event/1/query?eventid=ci141571&format=geojson,,,,,reviewed,0,73,ci,141571,",ci141571,",",ci,",",origin,phase-data,",0,,0.081,109.9,mc,earthquake,"M 2.2 - 19km NNE of Indio, CA",760,Point,"[-116.152, 33.882, 3.746]",760
0,3.01,"19km NNE of Indio, CA",639880055630,1454628372430,,https://earthquake.usgs.gov/earthquakes/eventpage/ci141570,https://earthquake.usgs.gov/fdsnws/event/1/query?eventid=ci141570&format=geojson,,,,,reviewed,0,139,ci,141570,",ci141570,",",ci,",",origin,phase-data,",0,,0.103,72.1,ml,earthquake,"M 3.0 - 19km NNE of Indio, CA",761,Point,"[-116.15, 33.883, 3.016]",761
0,2.61,"14 km E of Hidden Valley Lake, California",639870818340,1481949039069,,https://earthquake.usgs.gov/earthquakes/eventpage/nc155812,https://earthquake.usgs.gov/fdsnws/event/1/query?eventid=nc155812&format=geojson,,,,,reviewed,0,105,nc,155812,",nc155812,",",nc,",",nearby-cities,origin,phase-data,",19,0.04865,0.15,62,md,quarry blast,"M 2.6 Quarry Blast - 14 km E of Hidden Valley Lake, California",762,Point,"[-122.3916667, 38.8268333, -0.436]",762
0,2.03,"4km NW of Boron, CA",639869734200,1454632479530,,https://earthquake.usgs.gov/earthquakes/eventpage/ci1057004,https://earthquake.usgs.gov/fdsnws/event/1/query?eventid=ci1057004&format=geojson,,,,,reviewed,0,63,ci,1057004,",ci1057004,",",ci,",",origin,phase-data,",0,,0.132,57.5,mc,quarry blast,"M 2.0 Quarry Blast - 4km NW of Boron, CA",763,Point,"[-117.68, 35.03, -0.913]",763
0,2.05,"14 km SSE of Tres Pinos, California",639863372780,1481948998710,,https://earthquake.usgs.gov/earthquakes/eventpage/nc155800,https://earthquake.usgs.gov/fdsnws/event/1/query?eventid=nc155800&format=geojson,,,,,reviewed,0,65,nc,155800,",nc155800,",",nc,",",focal-mechanism,nearby-cities,origin,phase-data,",48,0.008108,0.04,40,md,earthquake,"M 2.1 - 14 km SSE of Tres Pinos, California",764,Point,"[-121.2825, 36.6631667, 4.076]",764
0,2.5,"5km NNE of Claremont, CA",639861070640,1454628371400,,https://earthquake.usgs.gov/earthquakes/eventpage/ci1056996,https://earthquake.usgs.gov/fdsnws/event/1/query?eventid=ci1056996&format=geojson,,,,,reviewed,0,96,ci,1056996,",ci1056996,",",ci,",",origin,phase-data,",0,,0.089,82.2,mc,earthquake,"M 2.5 - 5km NNE of Claremont, CA",765,Point,"[-117.703, 34.141, 5.851]",765
0,2.29,"2km SSE of Hawthorne, CA",639859649780,1454633136230,,https://earthquake.usgs.gov/earthquakes/eventpage/ci1056995,https://earthquake.usgs.gov/fdsnws/event/1/query?eventid=ci1056995&format=geojson,,,,,reviewed,0,81,ci,1056995,",ci1056995,",",ci,",",origin,phase-data,",0,,0.072,111,mc,earthquake,"M 2.3 - 2km SSE of Hawthorne, CA",766,Point,"[-118.344, 33.904, 5.783]",766
0,2.05,"2 km ENE of Aromas, California",639859374960,1481948980902,,https://earthquake.usgs.gov/earthquakes/eventpage/nc155796,https://earthquake.usgs.gov/fdsnws/event/1/query?eventid=nc155796&format=geojson,,,,,reviewed,0,65,nc,155796,",nc155796,",",nc,",",nearby-cities,origin,phase-data,",23,0.02613,0.12,51,md,quarry blast,"M 2.1 Quarry Blast - 2 km ENE of Aromas, California",767,Point,"[-121.6208333, 36.897, -0.159]",767
0,2.31,"45km NE of Holtville, CA",639858421000,1454624964020,,https://earthquake.usgs.gov/earthquakes/eventpage/ci1056994,https://earthquake.usgs.gov/fdsnws/event/1/query?eventid=ci1056994&format=geojson,,,,,reviewed,0,82,ci,1056994,",ci1056994,",",ci,",",origin,phase-data,",0,,0.084,159.5,mc,quarry blast,"M 2.3 Quarry Blast - 45km NE of Holtville, CA",768,Point,"[-115, 33.06, -0.404]",768
0,2.1,"3 km WNW of Pacifica, California",639853176120,1481948964300,,https://earthquake.usgs.gov/earthquakes/eventpage/nc155793,https://earthquake.usgs.gov/fdsnws/event/1/query?eventid=nc155793&format=geojson,,,,,reviewed,0,68,nc,155793,",nc155793,",",nc,",",focal-mechanism,nearby-cities,origin,phase-data,",47,0.03694,0.05,171,md,earthquake,"M 2.1 - 3 km WNW of Pacifica, California",769,Point,"[-122.5218333, 37.6293333, 7.104]",769
0,2.35,"19km NNE of Indio, CA",639845076590,1454625656670,,https://earthquake.usgs.gov/earthquakes/eventpage/ci1056985,https://earthquake.usgs.gov/fdsnws/event/1/query?eventid=ci1056985&format=geojson,,,,,reviewed,0,85,ci,1056985,",ci1056985,",",ci,",",origin,phase-data,",0,,0.08,94.6,mc,earthquake,"M 2.4 - 19km NNE of Indio, CA",770,Point,"[-116.156, 33.88, 3.846]",770
0,3.08,"18km NNE of Indio, CA",639842865840,1454633135760,,https://earthquake.usgs.gov/earthquakes/eventpage/ci1056981,https://earthquake.usgs.gov/fdsnws/event/1/query?eventid=ci1056981&format=geojson,,,,,reviewed,0,146,ci,1056981,",ci1056981,",",ci,",",origin,phase-data,",0,,0.096,71.1,ml,earthquake,"M 3.1 - 18km NNE of Indio, CA",771,Point,"[-116.155, 33.878, 4.126]",771
0,2.15,"18km S of San Pedro, CA",639839417840,1454623604850,,https://earthquake.usgs.gov/earthquakes/eventpage/ci1056980,https://earthquake.usgs.gov/fdsnws/event/1/query?eventid=ci1056980&format=geojson,,,,,reviewed,0,71,ci,1056980,",ci1056980,",",ci,",",origin,phase-data,",0,,0.031,128.1,mc,earthquake,"M 2.2 - 18km S of San Pedro, CA",772,Point,"[-118.324, 33.579, 5.495]",772
0,2.48,"13 km N of Dixon Lane-Meadow Creek, California",639835335860,1481948914339,,https://earthquake.usgs.gov/earthquakes/eventpage/nc155787,https://earthquake.usgs.gov/fdsnws/event/1/query?eventid=nc155787&format=geojson,,,,,reviewed,0,95,nc,155787,",nc155787,ci678420,",",nc,ci,",",nearby-cities,origin,phase-data,",21,0.05856,0.05,79,md,earthquake,"M 2.5 - 13 km N of Dixon Lane-Meadow Creek, California",773,Point,"[-118.3891667, 37.509, 6.588]",773
0,2.27,"12km E of Little Lake, CA",639832753330,1454626977540,,https://earthquake.usgs.gov/earthquakes/eventpage/ci1056975,https://earthquake.usgs.gov/fdsnws/event/1/query?eventid=ci1056975&format=geojson,,,,,reviewed,0,79,ci,1056975,",ci1056975,",",ci,",",origin,phase-data,",0,,0.08,129.7,mc,earthquake,"M 2.3 - 12km E of Little Lake, CA",774,Point,"[-117.772, 35.95, 9.073]",774
0,2.41,"19km NNE of Indio, CA",639806417390,1454631109280,,https://earthquake.usgs.gov/earthquakes/eventpage/ci1056964,https://earthquake.usgs.gov/fdsnws/event/1/query?eventid=ci1056964&format=geojson,,,,,reviewed,0,89,ci,1056964,",ci1056964,",",ci,",",origin,phase-data,",0,,0.088,94.5,mc,earthquake,"M 2.4 - 19km NNE of Indio, CA",775,Point,"[-116.155, 33.88, 3.976]",775
0,2.08,"20km NNW of Mojave, CA",639801955400,1454631108860,,https://earthquake.usgs.gov/earthquakes/eventpage/ci1056960,https://earthquake.usgs.gov/fdsnws/event/1/query?eventid=ci1056960&format=geojson,,,,,reviewed,0,67,ci,1056960,",ci1056960,",",ci,",",origin,phase-data,",0,,0.119,58,mc,earthquake,"M 2.1 - 20km NNW of Mojave, CA",776,Point,"[-118.225, 35.224, 3.271]",776
0,2.28,"3 km ENE of Alamo, California",639800412020,1481948845493,,https://earthquake.usgs.gov/earthquakes/eventpage/nc155769,https://earthquake.usgs.gov/fdsnws/event/1/query?eventid=nc155769&format=geojson,,,,,reviewed,0,80,nc,155769,",nc155769,",",nc,",",nearby-cities,origin,phase-data,",23,0.136,0.05,120,md,earthquake,"M 2.3 - 3 km ENE of Alamo, California",777,Point,"[-121.993, 37.8616667, 6.386]",777
0,2.31,"3 km NE of Alamo, California",639800081980,1481948836800,,https://earthquake.usgs.gov/earthquakes/eventpage/nc155768,https://earthquake.usgs.gov/fdsnws/event/1/query?eventid=nc155768&format=geojson,,,,,reviewed,0,82,nc,155768,",nc155768,",",nc,",",focal-mechanism,nearby-cities,origin,phase-data,",37,0.1414,0.1,147,md,earthquake,"M 2.3 - 3 km NE of Alamo, California",778,Point,"[-121.998, 37.8688333, 5.996]",778
0,2.36,"2 km ESE of Round Valley, California",639795637080,1481948804830,,https://earthquake.usgs.gov/earthquakes/eventpage/nc155762,https://earthquake.usgs.gov/fdsnws/event/1/query?eventid=nc155762&format=geojson,,,,,reviewed,0,86,nc,155762,",nc155762,ci678402,",",nc,ci,",",focal-mechanism,nearby-cities,origin,phase-data,",31,0.05766,0.04,69,md,earthquake,"M 2.4 - 2 km ESE of Round Valley, California",779,Point,"[-118.5666667, 37.4103333, 11.294]",779
0,2.01,"3 km SSE of North Gate, California",639794249240,1481948794774,,https://earthquake.usgs.gov/earthquakes/eventpage/nc155951,https://earthquake.usgs.gov/fdsnws/event/1/query?eventid=nc155951&format=geojson,,,,,reviewed,0,62,nc,155951,",nc155951,",",nc,",",nearby-cities,origin,phase-data,",13,0.1495,0.09,172,md,earthquake,"M 2.0 - 3 km SSE of North Gate, California",780,Point,"[-121.9838333, 37.8731667, 6.121]",780
0,2.18,"6km N of Claremont, CA",639776243310,1454626977120,,https://earthquake.usgs.gov/earthquakes/eventpage/ci1056946,https://earthquake.usgs.gov/fdsnws/event/1/query?eventid=ci1056946&format=geojson,,,,,reviewed,0,73,ci,1056946,",ci1056946,",",ci,",",origin,phase-data,",0,,0.103,73.3,mc,earthquake,"M 2.2 - 6km N of Claremont, CA",781,Point,"[-117.719, 34.154, 2.097]",781
0,2.12,"2 km ESE of Aromas, California",639773942970,1481948704470,,https://earthquake.usgs.gov/earthquakes/eventpage/nc155688,https://earthquake.usgs.gov/fdsnws/event/1/query?eventid=nc155688&format=geojson,,,,,reviewed,0,69,nc,155688,",nc155688,",",nc,",",focal-mechanism,nearby-cities,origin,phase-data,",60,0.02072,0.09,52,md,earthquake,"M 2.1 - 2 km ESE of Aromas, California",782,Point,"[-121.6173333, 36.8836667, 6.598]",782
0,2.98,"2 km ESE of Aromas, California",639769479350,1481948677010,,https://earthquake.usgs.gov/earthquakes/eventpage/nc155686,https://earthquake.usgs.gov/fdsnws/event/1/query?eventid=nc155686&format=geojson,,,,,reviewed,0,137,nc,155686,",nc155686,usp00047sn,",",nc,us,",",focal-mechanism,nearby-cities,origin,phase-data,",84,0.02072,0.09,53,md,earthquake,"M 3.0 - 2 km ESE of Aromas, California",783,Point,"[-121.6176667, 36.8833333, 6.998]",783
0,2.09,"18km NE of Santa Cruz Is. (E end), CA",639757915660,1454625653970,,https://earthquake.usgs.gov/earthquakes/eventpage/ci1056939,https://earthquake.usgs.gov/fdsnws/event/1/query?eventid=ci1056939&format=geojson,,,,,reviewed,0,67,ci,1056939,",ci1056939,",",ci,",",origin,phase-data,",0,,0.151,86.7,mc,earthquake,"M 2.1 - 18km NE of Santa Cruz Is. (E end), CA",784,Point,"[-119.405, 34.158, 0.681]",784
0,2.3,"2 km ESE of Aromas, California",639756880160,1481948601840,,https://earthquake.usgs.gov/earthquakes/eventpage/nc155739,https://earthquake.usgs.gov/fdsnws/event/1/query?eventid=nc155739&format=geojson,,,,,reviewed,0,81,nc,155739,",nc155739,",",nc,",",focal-mechanism,nearby-cities,origin,phase-data,",63,0.01892,0.07,52,md,earthquake,"M 2.3 - 2 km ESE of Aromas, California",785,Point,"[-121.6155, 36.883, 6.588]",785
0,2.67,"1 km ENE of Interlaken, CA",639737478380,1481948504760,,https://earthquake.usgs.gov/earthquakes/eventpage/nc155715,https://earthquake.usgs.gov/fdsnws/event/1/query?eventid=nc155715&format=geojson,,,,,reviewed,0,110,nc,155715,",nc155715,",",nc,",",focal-mechanism,nearby-cities,origin,phase-data,",85,0.01982,0.07,47,md,earthquake,"M 2.7 - 1 km ENE of Interlaken, CA",786,Point,"[-121.719, 36.9568333, 13.021]",786
0,2.64,"4 km SSE of North Gate, California",639733840670,1481948488780,,https://earthquake.usgs.gov/earthquakes/eventpage/nc155713,https://earthquake.usgs.gov/fdsnws/event/1/query?eventid=nc155713&format=geojson,,,,,reviewed,0,107,nc,155713,",nc155713,",",nc,",",focal-mechanism,nearby-cities,origin,phase-data,",61,0.06396,0.07,49,md,earthquake,"M 2.6 - 4 km SSE of North Gate, California",787,Point,"[-121.9713333, 37.8738333, 6.227]",787
0,2.1,"4 km NNW of Diablo, California",639733694960,1481948480480,,https://earthquake.usgs.gov/earthquakes/eventpage/nc155712,https://earthquake.usgs.gov/fdsnws/event/1/query?eventid=nc155712&format=geojson,,,,,reviewed,0,68,nc,155712,",nc155712,",",nc,",",focal-mechanism,nearby-cities,origin,phase-data,",30,0.06396,0.07,99,md,earthquake,"M 2.1 - 4 km NNW of Diablo, California",788,Point,"[-121.9683333, 37.8718333, 5.747]",788
0,2.02,"3 km NNW of Diablo, California",639733174830,1481948474228,,https://earthquake.usgs.gov/earthquakes/eventpage/nc155711,https://earthquake.usgs.gov/fdsnws/event/1/query?eventid=nc155711&format=geojson,,,,,reviewed,0,63,nc,155711,",nc155711,",",nc,",",nearby-cities,origin,phase-data,",8,0.06847,0.01,78,md,earthquake,"M 2.0 - 3 km NNW of Diablo, California",789,Point,"[-121.9698333, 37.8666667, 1.857]",789
0,2.43,"3 km ESE of Aromas, California",639723855170,1481948414200,,https://earthquake.usgs.gov/earthquakes/eventpage/nc155695,https://earthquake.usgs.gov/fdsnws/event/1/query?eventid=nc155695&format=geojson,,,,,reviewed,0,91,nc,155695,",nc155695,",",nc,",",focal-mechanism,nearby-cities,origin,phase-data,",80,0.01712,0.08,53,md,earthquake,"M 2.4 - 3 km ESE of Aromas, California",790,Point,"[-121.6066667, 36.8715, 7.087]",790
0,2.33,near the coast of Northern California,639723439360,1481948405450,,https://earthquake.usgs.gov/earthquakes/eventpage/nc155694,https://earthquake.usgs.gov/fdsnws/event/1/query?eventid=nc155694&format=geojson,,,,,reviewed,0,84,nc,155694,",nc155694,",",nc,",",focal-mechanism,nearby-cities,origin,phase-data,",29,0.173,0.07,44,md,earthquake,M 2.3 - near the coast of Northern California,791,Point,"[-123.3001667, 39.3856667, 2.282]",791
0,2.18,"3 km ESE of Aromas, California",639719680010,1481948365220,,https://earthquake.usgs.gov/earthquakes/eventpage/nc155701,https://earthquake.usgs.gov/fdsnws/event/1/query?eventid=nc155701&format=geojson,,,,,reviewed,0,73,nc,155701,",nc155701,",",nc,",",focal-mechanism,nearby-cities,origin,phase-data,",55,0.01712,0.08,53,md,earthquake,"M 2.2 - 3 km ESE of Aromas, California",792,Point,"[-121.6088333, 36.8743333, 7.078]",792
0,3.6,"2 km ESE of Aromas, California",639718101440,1481948349070,,https://earthquake.usgs.gov/earthquakes/eventpage/nc10091110,https://earthquake.usgs.gov/fdsnws/event/1/query?eventid=nc10091110&format=geojson,,,,,reviewed,0,199,nc,10091110,",nc10091110,usp00047s0,",",nc,us,",",focal-mechanism,impact-text,nearby-cities,origin,phase-data,",92,0.01802,0.09,52,ml,earthquake,"M 3.6 - 2 km ESE of Aromas, California",793,Point,"[-121.6145, 36.8808333, 6.878]",793
0,2.53,"2 km ESE of Aromas, California",639717504850,1481948336000,,https://earthquake.usgs.gov/earthquakes/eventpage/nc155690,https://earthquake.usgs.gov/fdsnws/event/1/query?eventid=nc155690&format=geojson,,,,,reviewed,0,98,nc,155690,",nc155690,",",nc,",",focal-mechanism,nearby-cities,origin,phase-data,",84,0.01892,0.08,53,md,earthquake,"M 2.5 - 2 km ESE of Aromas, California",794,Point,"[-121.6153333, 36.8813333, 6.848]",794
0,2.01,"5 km SW of Monte Sereno, California",639711675740,1481948297220,,https://earthquake.usgs.gov/earthquakes/eventpage/nc155666,https://earthquake.usgs.gov/fdsnws/event/1/query?eventid=nc155666&format=geojson,,,,,reviewed,0,62,nc,155666,",nc155666,",",nc,",",focal-mechanism,nearby-cities,origin,phase-data,",47,0.03964,0.07,51,md,earthquake,"M 2.0 - 5 km SW of Monte Sereno, California",795,Point,"[-122.0435, 37.203, 13.766]",795
0,2.83,"4 km SSE of North Gate, California",639708236200,1481948277310,,https://earthquake.usgs.gov/earthquakes/eventpage/nc155663,https://earthquake.usgs.gov/fdsnws/event/1/query?eventid=nc155663&format=geojson,,,,,reviewed,0,123,nc,155663,",nc155663,",",nc,",",focal-mechanism,nearby-cities,origin,phase-data,",72,0.07027,0.08,48,md,earthquake,"M 2.8 - 4 km SSE of North Gate, California",796,Point,"[-121.9781667, 37.8713333, 6.407]",796
0,2.13,"3 km NW of Diablo, California",639700762400,1481948230095,,https://earthquake.usgs.gov/earthquakes/eventpage/nc155863,https://earthquake.usgs.gov/fdsnws/event/1/query?eventid=nc155863&format=geojson,,,,,reviewed,0,70,nc,155863,",nc155863,",",nc,",",nearby-cities,origin,phase-data,",10,0.07748,0.07,61,md,earthquake,"M 2.1 - 3 km NW of Diablo, California",797,Point,"[-121.982, 37.8626667, 5.037]",797
0,2.99,"4 km NNW of Diablo, California",639700719950,1481948224780,,https://earthquake.usgs.gov/earthquakes/eventpage/nc155659,https://earthquake.usgs.gov/fdsnws/event/1/query?eventid=nc155659&format=geojson,,,,,reviewed,0,138,nc,155659,",nc155659,",",nc,",",focal-mechanism,nearby-cities,origin,phase-data,",58,0.07568,0.1,57,md,earthquake,"M 3.0 - 4 km NNW of Diablo, California",798,Point,"[-121.9831667, 37.8668333, 5.477]",798
0,2.43,"14 km E of Hidden Valley Lake, California",639698258700,1481948209918,,https://earthquake.usgs.gov/earthquakes/eventpage/nc155657,https://earthquake.usgs.gov/fdsnws/event/1/query?eventid=nc155657&format=geojson,,,,,reviewed,0,91,nc,155657,",nc155657,",",nc,",",nearby-cities,origin,phase-data,",21,0.05045,0.2,61,md,quarry blast,"M 2.4 Quarry Blast - 14 km E of Hidden Valley Lake, California",799,Point,"[-122.3916667, 38.83, -0.436]",799
0,2.42,"8km N of Claremont, CA",639693583090,1454631108310,,https://earthquake.usgs.gov/earthquakes/eventpage/ci1056917,https://earthquake.usgs.gov/fdsnws/event/1/query?eventid=ci1056917&format=geojson,,,,,reviewed,0,90,ci,1056917,",ci1056917,",",ci,",",origin,phase-data,",0,,0.084,50.4,mc,earthquake,"M 2.4 - 8km N of Claremont, CA",800,Point,"[-117.726, 34.169, 7.707]",800
0,2.23,"3 km NNE of Talmage, California",639692411830,1481948178500,,https://earthquake.usgs.gov/earthquakes/eventpage/nc155653,https://earthquake.usgs.gov/fdsnws/event/1/query?eventid=nc155653&format=geojson,,,,,reviewed,0,77,nc,155653,",nc155653,",",nc,",",focal-mechanism,nearby-cities,origin,phase-data,",29,0.06126,0.08,36,md,earthquake,"M 2.2 - 3 km NNE of Talmage, California",801,Point,"[-123.1471667, 39.1581667, 6.413]",801
0,2.06,"22km ENE of Little Lake, CA",639690610980,1454630431830,,https://earthquake.usgs.gov/earthquakes/eventpage/ci1056915,https://earthquake.usgs.gov/fdsnws/event/1/query?eventid=ci1056915&format=geojson,,,,,reviewed,0,65,ci,1056915,",ci1056915,",",ci,",",origin,phase-data,",0,,0.072,209.3,mc,earthquake,"M 2.1 - 22km ENE of Little Lake, CA",802,Point,"[-117.701, 36.041, -0.155]",802
0,3,"3 km N of Aromas, California",639690419710,1481948157200,,https://earthquake.usgs.gov/earthquakes/eventpage/nc155642,https://earthquake.usgs.gov/fdsnws/event/1/query?eventid=nc155642&format=geojson,,,,,reviewed,0,138,nc,155642,",nc155642,usp00047rh,",",nc,us,",",focal-mechanism,nearby-cities,origin,phase-data,",86,0.01351,0.09,39,ml,earthquake,"M 3.0 - 3 km N of Aromas, California",803,Point,"[-121.6493333, 36.9223333, 5.568]",803
0,2,"7km ESE of Lake Isabella, CA",639686390830,1454633134320,,https://earthquake.usgs.gov/earthquakes/eventpage/ci1056913,https://earthquake.usgs.gov/fdsnws/event/1/query?eventid=ci1056913&format=geojson,,,,,reviewed,0,62,ci,1056913,",ci1056913,",",ci,",",origin,phase-data,",0,,0.067,61.2,mc,earthquake,"M 2.0 - 7km ESE of Lake Isabella, CA",804,Point,"[-118.402, 35.601, 4.885]",804
0,2.26,"13 km SSE of Tres Pinos, California",639686147690,1481948110790,,https://earthquake.usgs.gov/earthquakes/eventpage/nc155645,https://earthquake.usgs.gov/fdsnws/event/1/query?eventid=nc155645&format=geojson,,,,,reviewed,0,79,nc,155645,",nc155645,",",nc,",",focal-mechanism,nearby-cities,origin,phase-data,",43,0.01261,0.07,70,md,earthquake,"M 2.3 - 13 km SSE of Tres Pinos, California",805,Point,"[-121.2886667, 36.6673333, 2.428]",805
0,2.62,"13 km N of Dixon Lane-Meadow Creek, California",639677415200,1481948073370,,https://earthquake.usgs.gov/earthquakes/eventpage/nc155604,https://earthquake.usgs.gov/fdsnws/event/1/query?eventid=nc155604&format=geojson,,,,,reviewed,0,106,nc,155604,",nc155604,ci678340,",",nc,ci,",",focal-mechanism,nearby-cities,origin,phase-data,",35,0.05856,0.06,78,md,earthquake,"M 2.6 - 13 km N of Dixon Lane-Meadow Creek, California",806,Point,"[-118.3893333, 37.5085, 7.128]",806
0,2.04,"21km WNW of Desert Center, CA",639675865040,1454631107830,,https://earthquake.usgs.gov/earthquakes/eventpage/ci1056908,https://earthquake.usgs.gov/fdsnws/event/1/query?eventid=ci1056908&format=geojson,,,,,reviewed,0,64,ci,1056908,",ci1056908,",",ci,",",origin,phase-data,",0,,0.09,116.6,mc,earthquake,"M 2.0 - 21km WNW of Desert Center, CA",807,Point,"[-115.621, 33.765, 4.07]",807
0,2.09,"22km ENE of Little Lake, CA",639672445630,1454625651640,,https://earthquake.usgs.gov/earthquakes/eventpage/ci1056896,https://earthquake.usgs.gov/fdsnws/event/1/query?eventid=ci1056896&format=geojson,,,,,reviewed,0,67,ci,1056896,",ci1056896,",",ci,",",origin,phase-data,",0,,0.072,210.5,mc,earthquake,"M 2.1 - 22km ENE of Little Lake, CA",808,Point,"[-117.698, 36.042, -0.155]",808
0,2.02,"22km ENE of Little Lake, CA",639672138200,1454629731320,,https://earthquake.usgs.gov/earthquakes/eventpage/ci141418,https://earthquake.usgs.gov/fdsnws/event/1/query?eventid=ci141418&format=geojson,,,,,reviewed,0,63,ci,141418,",ci141418,",",ci,",",origin,phase-data,",0,,0.083,214.8,mc,earthquake,"M 2.0 - 22km ENE of Little Lake, CA",809,Point,"[-117.702, 36.04, -0.179]",809
0,2.85,"22km ENE of Little Lake, CA",639672106500,1454630430890,,https://earthquake.usgs.gov/earthquakes/eventpage/ci1056895,https://earthquake.usgs.gov/fdsnws/event/1/query?eventid=ci1056895&format=geojson,,,,,reviewed,0,125,ci,1056895,",ci1056895,",",ci,",",origin,phase-data,",0,,0.065,180.5,mc,earthquake,"M 2.9 - 22km ENE of Little Lake, CA",810,Point,"[-117.701, 36.04, -0.155]",810
0,2.28,"5 km NNW of Aromas, California",639664527680,1481947990100,,https://earthquake.usgs.gov/earthquakes/eventpage/nc155777,https://earthquake.usgs.gov/fdsnws/event/1/query?eventid=nc155777&format=geojson,,,,,reviewed,0,80,nc,155777,",nc155777,",",nc,",",focal-mechanism,nearby-cities,origin,phase-data,",77,0.006306,0.09,54,md,earthquake,"M 2.3 - 5 km NNW of Aromas, California",811,Point,"[-121.6678333, 36.9355, 7.088]",811
0,2.1,"5 km NNW of Aromas, California",639664437070,1481947981930,,https://earthquake.usgs.gov/earthquakes/eventpage/nc155634,https://earthquake.usgs.gov/fdsnws/event/1/query?eventid=nc155634&format=geojson,,,,,reviewed,0,68,nc,155634,",nc155634,",",nc,",",focal-mechanism,nearby-cities,origin,phase-data,",72,0.005405,0.08,53,md,earthquake,"M 2.1 - 5 km NNW of Aromas, California",812,Point,"[-121.6665, 36.9353333, 7.108]",812
0,2.3,"22km ENE of Little Lake, CA",639658696130,1454626975870,,https://earthquake.usgs.gov/earthquakes/eventpage/ci1056886,https://earthquake.usgs.gov/fdsnws/event/1/query?eventid=ci1056886&format=geojson,,,,,reviewed,0,81,ci,1056886,",ci1056886,",",ci,",",origin,phase-data,",0,,0.058,210,mc,earthquake,"M 2.3 - 22km ENE of Little Lake, CA",813,Point,"[-117.698, 36.041, -0.102]",813
0,2.04,"3km W of Yorba Linda, CA",639658678300,1454623602170,,https://earthquake.usgs.gov/earthquakes/eventpage/ci141417,https://earthquake.usgs.gov/fdsnws/event/1/query?eventid=ci141417&format=geojson,,,,,reviewed,0,64,ci,141417,",ci141417,",",ci,",",origin,phase-data,",0,,0.097,149.1,mc,earthquake,"M 2.0 - 3km W of Yorba Linda, CA",814,Point,"[-117.843, 33.885, 3.193]",814
0,2.72,"5 km NNW of Aromas, California",639658134480,1481947909190,,https://earthquake.usgs.gov/earthquakes/eventpage/nc155776,https://earthquake.usgs.gov/fdsnws/event/1/query?eventid=nc155776&format=geojson,,,,,reviewed,0,114,nc,155776,",nc155776,usp00047qx,",",nc,us,",",focal-mechanism,nearby-cities,origin,phase-data,",95,0.005405,0.09,53,md,earthquake,"M 2.7 - 5 km NNW of Aromas, California",815,Point,"[-121.6673333, 36.9346667, 7.338]",815
0,2.27,"20km NE of Lucerne Valley, CA",639657570810,1454629730840,,https://earthquake.usgs.gov/earthquakes/eventpage/ci1056884,https://earthquake.usgs.gov/fdsnws/event/1/query?eventid=ci1056884&format=geojson,,,,,reviewed,0,79,ci,1056884,",ci1056884,",",ci,",",origin,phase-data,",0,,0.082,87.4,mc,earthquake,"M 2.3 - 20km NE of Lucerne Valley, CA",816,Point,"[-116.81, 34.566, -0.095]",816
0,2.19,"4 km SW of Cobb, California",639655230410,1481947875970,,https://earthquake.usgs.gov/earthquakes/eventpage/nc155585,https://earthquake.usgs.gov/fdsnws/event/1/query?eventid=nc155585&format=geojson,,,,,reviewed,0,74,nc,155585,",nc155585,",",nc,",",focal-mechanism,nearby-cities,origin,phase-data,",30,0.03333,0.06,42,md,earthquake,"M 2.2 - 4 km SW of Cobb, California",817,Point,"[-122.7536667, 38.7891667, 1.301]",817
0,2.17,"5 km WSW of Davenport, California",639653994320,1481947861290,,https://earthquake.usgs.gov/earthquakes/eventpage/nc155583,https://earthquake.usgs.gov/fdsnws/event/1/query?eventid=nc155583&format=geojson,,,,,reviewed,0,72,nc,155583,",nc155583,",",nc,",",focal-mechanism,nearby-cities,origin,phase-data,",66,0.1432,0.14,193,md,earthquake,"M 2.2 - 5 km WSW of Davenport, California",818,Point,"[-122.251, 37.0016667, 9.149]",818
0,2.85,"3 km NNW of Seacliff, California",639648556750,1481947820830,,https://earthquake.usgs.gov/earthquakes/eventpage/nc155630,https://earthquake.usgs.gov/fdsnws/event/1/query?eventid=nc155630&format=geojson,,,,,reviewed,0,125,nc,155630,",nc155630,usp00047qn,",",nc,us,",",focal-mechanism,impact-text,nearby-cities,origin,phase-data,",93,0.04505,0.1,90,md,earthquake,"M 2.9 - 3 km NNW of Seacliff, California",819,Point,"[-121.9243333, 37.0028333, 5.392]",819
0,2,"18km W of Malibu, CA",639646958130,1454631806810,,https://earthquake.usgs.gov/earthquakes/eventpage/ci1056880,https://earthquake.usgs.gov/fdsnws/event/1/query?eventid=ci1056880&format=geojson,,,,,reviewed,0,62,ci,1056880,",ci1056880,",",ci,",",origin,phase-data,",0,,0.074,64.4,mc,earthquake,"M 2.0 - 18km W of Malibu, CA",820,Point,"[-119.007, 34.031, 3.778]",820
0,2.07,"7km N of Claremont, CA",639642973290,1454624962550,,https://earthquake.usgs.gov/earthquakes/eventpage/ci1056879,https://earthquake.usgs.gov/fdsnws/event/1/query?eventid=ci1056879&format=geojson,,,,,reviewed,0,66,ci,1056879,",ci1056879,",",ci,",",origin,phase-data,",0,,0.099,57.4,mc,earthquake,"M 2.1 - 7km N of Claremont, CA",821,Point,"[-117.709, 34.159, 1.511]",821
0,2.22,"4km NNW of Claremont, CA",639636658690,1454629030700,,https://earthquake.usgs.gov/earthquakes/eventpage/ci1056875,https://earthquake.usgs.gov/fdsnws/event/1/query?eventid=ci1056875&format=geojson,,,,,reviewed,0,76,ci,1056875,",ci1056875,",",ci,",",origin,phase-data,",0,,0.095,45.6,mc,earthquake,"M 2.2 - 4km NNW of Claremont, CA",822,Point,"[-117.735, 34.135, 9.397]",822
0,2.3,"1 km WNW of Diablo, California",639635066290,1481947774510,,https://earthquake.usgs.gov/earthquakes/eventpage/nc155574,https://earthquake.usgs.gov/fdsnws/event/1/query?eventid=nc155574&format=geojson,,,,,reviewed,0,81,nc,155574,",nc155574,",",nc,",",focal-mechanism,nearby-cities,origin,phase-data,",42,0.07387,0.08,59,md,earthquake,"M 2.3 - 1 km WNW of Diablo, California",823,Point,"[-121.9741667, 37.8375, 7.597]",823
0,2.12,"18km S of San Pedro, CA",639627674430,1454633133470,,https://earthquake.usgs.gov/earthquakes/eventpage/ci1056870,https://earthquake.usgs.gov/fdsnws/event/1/query?eventid=ci1056870&format=geojson,,,,,reviewed,0,69,ci,1056870,",ci1056870,",",ci,",",origin,phase-data,",0,,0.059,128.1,mc,earthquake,"M 2.1 - 18km S of San Pedro, CA",824,Point,"[-118.324, 33.579, 5.397]",824
0,2.26,"3 km NW of Diablo, California",639627358910,1481947753340,,https://earthquake.usgs.gov/earthquakes/eventpage/nc155572,https://earthquake.usgs.gov/fdsnws/event/1/query?eventid=nc155572&format=geojson,,,,,reviewed,0,79,nc,155572,",nc155572,",",nc,",",focal-mechanism,nearby-cities,origin,phase-data,",40,0.07838,0.09,50,md,earthquake,"M 2.3 - 3 km NW of Diablo, California",825,Point,"[-121.9823333, 37.8621667, 5.597]",825
0,2.1,"3 km NNW of Diablo, California",639627074900,1481947746852,,https://earthquake.usgs.gov/earthquakes/eventpage/nc155571,https://earthquake.usgs.gov/fdsnws/event/1/query?eventid=nc155571&format=geojson,,,,,reviewed,0,68,nc,155571,",nc155571,",",nc,",",nearby-cities,origin,phase-data,",24,0.07658,0.07,54,md,earthquake,"M 2.1 - 3 km NNW of Diablo, California",826,Point,"[-121.9806667, 37.863, 5.397]",826
0,2.21,"5km WSW of Morongo Valley, CA",639622579430,1454625650830,,https://earthquake.usgs.gov/earthquakes/eventpage/ci1056867,https://earthquake.usgs.gov/fdsnws/event/1/query?eventid=ci1056867&format=geojson,,,,,reviewed,0,75,ci,1056867,",ci1056867,",",ci,",",origin,phase-data,",0,,0.08,142.9,mc,earthquake,"M 2.2 - 5km WSW of Morongo Valley, CA",827,Point,"[-116.631, 34.036, 11.672]",827
0,2.03,"6km N of Claremont, CA",639618708700,1454628367200,,https://earthquake.usgs.gov/earthquakes/eventpage/ci1056864,https://earthquake.usgs.gov/fdsnws/event/1/query?eventid=ci1056864&format=geojson,,,,,reviewed,0,63,ci,1056864,",ci1056864,",",ci,",",origin,phase-data,",0,0.01793,0.053,74.2,mc,earthquake,"M 2.0 - 6km N of Claremont, CA",828,Point,"[-117.721, 34.149, 12.817]",828
0,2.33,"3 km NNW of Round Valley, California",639618658330,1481947711020,,https://earthquake.usgs.gov/earthquakes/eventpage/nc155566,https://earthquake.usgs.gov/fdsnws/event/1/query?eventid=nc155566&format=geojson,,,,,reviewed,0,84,nc,155566,",nc155566,ci141415,",",nc,ci,",",focal-mechanism,nearby-cities,origin,phase-data,",36,0.02973,0.05,59,md,earthquake,"M 2.3 - 3 km NNW of Round Valley, California",829,Point,"[-118.6001667, 37.4478333, 5.451]",829
0,2.74,"3 km ENE of Alamo, California",639616911390,1481947688520,,https://earthquake.usgs.gov/earthquakes/eventpage/nc155563,https://earthquake.usgs.gov/fdsnws/event/1/query?eventid=nc155563&format=geojson,,,,,reviewed,0,116,nc,155563,",nc155563,",",nc,",",focal-mechanism,nearby-cities,origin,phase-data,",61,0.07297,0.09,101,md,earthquake,"M 2.7 - 3 km ENE of Alamo, California",830,Point,"[-121.9921667, 37.8635, 6.266]",830
0,2.67,"3 km NW of Diablo, California",639615094830,1481947655460,,https://earthquake.usgs.gov/earthquakes/eventpage/nc155636,https://earthquake.usgs.gov/fdsnws/event/1/query?eventid=nc155636&format=geojson,,,,,reviewed,0,110,nc,155636,",nc155636,usp00047py,",",nc,us,",",focal-mechanism,nearby-cities,origin,phase-data,",62,0.07838,0.06,51,md,earthquake,"M 2.7 - 3 km NW of Diablo, California",831,Point,"[-121.9791667, 37.8598333, 6.587]",831
0,2.4,"2 km ENE of Alamo, California",639614075150,1481947646880,,https://earthquake.usgs.gov/earthquakes/eventpage/nc155561,https://earthquake.usgs.gov/fdsnws/event/1/query?eventid=nc155561&format=geojson,,,,,reviewed,0,89,nc,155561,",nc155561,",",nc,",",focal-mechanism,nearby-cities,origin,phase-data,",42,0.06036,0.09,55,md,earthquake,"M 2.4 - 2 km ENE of Alamo, California",832,Point,"[-122.0101667, 37.8605, 5.326]",832
0,2.56,"36km ENE of Kelso, CA",639612573840,1454626975200,,https://earthquake.usgs.gov/earthquakes/eventpage/ci678299,https://earthquake.usgs.gov/fdsnws/event/1/query?eventid=ci678299&format=geojson,,,,,reviewed,0,101,ci,678299,",ci678299,",",ci,",",origin,phase-data,",0,,0.364,262.4,mc,earthquake,"M 2.6 - 36km ENE of Kelso, CA",833,Point,"[-115.271, 35.08, 5.314]",833
0,2.19,"4 km NNW of Diablo, California",639605628440,1481947616150,,https://earthquake.usgs.gov/earthquakes/eventpage/nc155983,https://earthquake.usgs.gov/fdsnws/event/1/query?eventid=nc155983&format=geojson,,,,,reviewed,0,74,nc,155983,",nc155983,",",nc,",",focal-mechanism,nearby-cities,origin,phase-data,",28,0.07477,0.07,58,md,earthquake,"M 2.2 - 4 km NNW of Diablo, California",834,Point,"[-121.9823333, 37.8678333, 5.287]",834
0,2.02,"2 km ENE of Alamo, California",639600827870,1481947590450,,https://earthquake.usgs.gov/earthquakes/eventpage/nc155976,https://earthquake.usgs.gov/fdsnws/event/1/query?eventid=nc155976&format=geojson,,,,,reviewed,0,63,nc,155976,",nc155976,",",nc,",",focal-mechanism,nearby-cities,origin,phase-data,",41,0.06396,0.06,55,md,earthquake,"M 2.0 - 2 km ENE of Alamo, California",835,Point,"[-122.0055, 37.861, 6.416]",835
0,2.44,"22 km NW of Parkfield, California",639597490620,1481947574930,,https://earthquake.usgs.gov/earthquakes/eventpage/nc155973,https://earthquake.usgs.gov/fdsnws/event/1/query?eventid=nc155973&format=geojson,,,,,reviewed,0,92,nc,155973,",nc155973,ci1056854,",",nc,ci,",",focal-mechanism,nearby-cities,origin,phase-data,",54,0.01712,0.06,53,md,earthquake,"M 2.4 - 22 km NW of Parkfield, California",836,Point,"[-120.6036667, 36.0531667, 8.301]",836
0,2.38,"1 km W of Diablo, California",639596472070,1481947556490,,https://earthquake.usgs.gov/earthquakes/eventpage/nc155970,https://earthquake.usgs.gov/fdsnws/event/1/query?eventid=nc155970&format=geojson,,,,,reviewed,0,87,nc,155970,",nc155970,",",nc,",",focal-mechanism,nearby-cities,origin,phase-data,",65,0.07477,0.08,60,md,earthquake,"M 2.4 - 1 km W of Diablo, California",837,Point,"[-121.9721667, 37.837, 7.507]",837
0,2.23,"4 km NW of Diablo, California",639588440070,1481947509320,,https://earthquake.usgs.gov/earthquakes/eventpage/nc155518,https://earthquake.usgs.gov/fdsnws/event/1/query?eventid=nc155518&format=geojson,,,,,reviewed,0,77,nc,155518,",nc155518,",",nc,",",focal-mechanism,nearby-cities,origin,phase-data,",27,0.07748,0.1,58,md,earthquake,"M 2.2 - 4 km NW of Diablo, California",838,Point,"[-121.9838333, 37.8651667, 5.017]",838
0,2.02,"4 km NNW of Diablo, California",639588419910,1481947501670,,https://earthquake.usgs.gov/earthquakes/eventpage/nc155671,https://earthquake.usgs.gov/fdsnws/event/1/query?eventid=nc155671&format=geojson,,,,,reviewed,0,63,nc,155671,",nc155671,",",nc,",",focal-mechanism,nearby-cities,origin,phase-data,",37,0.07568,0.08,57,md,earthquake,"M 2.0 - 4 km NNW of Diablo, California",839,Point,"[-121.9823333, 37.866, 5.567]",839
0,2.1,"4 km NW of Diablo, California",639587681260,1481947489830,,https://earthquake.usgs.gov/earthquakes/eventpage/nc155516,https://earthquake.usgs.gov/fdsnws/event/1/query?eventid=nc155516&format=geojson,,,,,reviewed,0,68,nc,155516,",nc155516,",",nc,",",focal-mechanism,nearby-cities,origin,phase-data,",34,0.07838,0.08,57,md,earthquake,"M 2.1 - 4 km NW of Diablo, California",840,Point,"[-121.9855, 37.8656667, 5.507]",840
0,2.19,"18km NNE of Indio, CA",639575577740,1454623601210,,https://earthquake.usgs.gov/earthquakes/eventpage/ci1056848,https://earthquake.usgs.gov/fdsnws/event/1/query?eventid=ci1056848&format=geojson,,,,,reviewed,0,74,ci,1056848,",ci1056848,",",ci,",",origin,phase-data,",0,,0.075,91.3,mc,earthquake,"M 2.2 - 18km NNE of Indio, CA",841,Point,"[-116.154, 33.872, 1.726]",841
0,2.38,"3 km ENE of Alamo, California",639574183710,1481947451380,,https://earthquake.usgs.gov/earthquakes/eventpage/nc155670,https://earthquake.usgs.gov/fdsnws/event/1/query?eventid=nc155670&format=geojson,,,,,reviewed,0,87,nc,155670,",nc155670,",",nc,",",focal-mechanism,nearby-cities,origin,phase-data,",58,0.07387,0.07,57,md,earthquake,"M 2.4 - 3 km ENE of Alamo, California",842,Point,"[-121.9928333, 37.8653333, 6.617]",842
0,2.25,"6km SSE of Banning, CA",639567368540,1454624959790,,https://earthquake.usgs.gov/earthquakes/eventpage/ci1056845,https://earthquake.usgs.gov/fdsnws/event/1/query?eventid=ci1056845&format=geojson,,,,,reviewed,0,78,ci,1056845,",ci1056845,",",ci,",",origin,phase-data,",0,,0.071,51.5,mc,earthquake,"M 2.3 - 6km SSE of Banning, CA",843,Point,"[-116.858, 33.878, 14.283]",843
0,2.17,"4 km NNW of Diablo, California",639566723220,1481947409020,,https://earthquake.usgs.gov/earthquakes/eventpage/nc155499,https://earthquake.usgs.gov/fdsnws/event/1/query?eventid=nc155499&format=geojson,,,,,reviewed,0,72,nc,155499,",nc155499,",",nc,",",focal-mechanism,nearby-cities,origin,phase-data,",34,0.06847,0.07,59,md,earthquake,"M 2.2 - 4 km NNW of Diablo, California",844,Point,"[-121.9751667, 37.8708333, 5.937]",844
0,2.43,"4 km NNW of Diablo, California",639565481970,1481947384490,,https://earthquake.usgs.gov/earthquakes/eventpage/nc155497,https://earthquake.usgs.gov/fdsnws/event/1/query?eventid=nc155497&format=geojson,,,,,reviewed,0,91,nc,155497,",nc155497,",",nc,",",focal-mechanism,nearby-cities,origin,phase-data,",65,0.07297,0.07,53,md,earthquake,"M 2.4 - 4 km NNW of Diablo, California",845,Point,"[-121.9808333, 37.8695, 6.257]",845
0,2.2,"18km NNE of Indio, CA",639563123430,1454625648950,,https://earthquake.usgs.gov/earthquakes/eventpage/ci1056843,https://earthquake.usgs.gov/fdsnws/event/1/query?eventid=ci1056843&format=geojson,,,,,reviewed,0,74,ci,1056843,",ci1056843,",",ci,",",origin,phase-data,",0,,0.08,92.4,mc,earthquake,"M 2.2 - 18km NNE of Indio, CA",846,Point,"[-116.149, 33.876, 1.706]",846
0,2.42,"3 km ENE of Alamo, California",639563121600,1481947365420,,https://earthquake.usgs.gov/earthquakes/eventpage/nc155963,https://earthquake.usgs.gov/fdsnws/event/1/query?eventid=nc155963&format=geojson,,,,,reviewed,0,90,nc,155963,",nc155963,",",nc,",",focal-mechanism,nearby-cities,origin,phase-data,",60,0.06847,0.08,41,md,earthquake,"M 2.4 - 3 km ENE of Alamo, California",847,Point,"[-122.0023333, 37.8653333, 6.716]",847
0,2.49,"4 km ESE of North Gate, California",639559853760,1481947353880,,https://earthquake.usgs.gov/earthquakes/eventpage/nc155617,https://earthquake.usgs.gov/fdsnws/event/1/query?eventid=nc155617&format=geojson,,,,,reviewed,0,95,nc,155617,",nc155617,",",nc,",",focal-mechanism,nearby-cities,origin,phase-data,",37,0.04865,0.37,109,md,earthquake,"M 2.5 - 4 km ESE of North Gate, California",848,Point,"[-121.9591667, 37.8871667, 2.284]",848
0,2.2,"18km NNE of Indio, CA",639559459870,1454633828370,,https://earthquake.usgs.gov/earthquakes/eventpage/ci1056841,https://earthquake.usgs.gov/fdsnws/event/1/query?eventid=ci1056841&format=geojson,,,,,reviewed,0,74,ci,1056841,",ci1056841,",",ci,",",origin,phase-data,",0,,0.13,71.3,mc,earthquake,"M 2.2 - 18km NNE of Indio, CA",849,Point,"[-116.154, 33.873, 1.468]",849
0,2.33,"16 km N of Princeton, California",639553624990,1481947304730,,https://earthquake.usgs.gov/earthquakes/eventpage/nc155491,https://earthquake.usgs.gov/fdsnws/event/1/query?eventid=nc155491&format=geojson,,,,,reviewed,0,84,nc,155491,",nc155491,",",nc,",",focal-mechanism,nearby-cities,origin,phase-data,",19,0.3036,0.06,108,md,earthquake,"M 2.3 - 16 km N of Princeton, California",850,Point,"[-122.0033333, 39.5505, 22.896]",850
0,2.28,"3 km ENE of Alamo, California",639553468550,1481947293390,,https://earthquake.usgs.gov/earthquakes/eventpage/nc155490,https://earthquake.usgs.gov/fdsnws/event/1/query?eventid=nc155490&format=geojson,,,,,reviewed,0,80,nc,155490,",nc155490,",",nc,",",focal-mechanism,nearby-cities,origin,phase-data,",54,0.06486,0.07,46,md,earthquake,"M 2.3 - 3 km ENE of Alamo, California",851,Point,"[-121.9978333, 37.8561667, 7.396]",851
0,2,"4 km NW of Diablo, California",639550399150,1481947281690,,https://earthquake.usgs.gov/earthquakes/eventpage/nc155489,https://earthquake.usgs.gov/fdsnws/event/1/query?eventid=nc155489&format=geojson,,,,,reviewed,0,62,nc,155489,",nc155489,",",nc,",",focal-mechanism,nearby-cities,origin,phase-data,",33,0.07748,0.08,56,md,earthquake,"M 2.0 - 4 km NW of Diablo, California",852,Point,"[-121.9841667, 37.8656667, 5.367]",852
0,2.21,"2 km ENE of Alamo, California",639547195240,1481947257592,,https://earthquake.usgs.gov/earthquakes/eventpage/nc1175001,https://earthquake.usgs.gov/fdsnws/event/1/query?eventid=nc1175001&format=geojson,,,,,reviewed,0,75,nc,1175001,",nc1175001,",",nc,",",nearby-cities,origin,phase-data,",25,0.06126,0.08,55,md,earthquake,"M 2.2 - 2 km ENE of Alamo, California",853,Point,"[-122.0088333, 37.86, 5.746]",853
0,2.1,"3 km NNW of Diablo, California",639546101330,1481947244030,,https://earthquake.usgs.gov/earthquakes/eventpage/nc155486,https://earthquake.usgs.gov/fdsnws/event/1/query?eventid=nc155486&format=geojson,,,,,reviewed,0,68,nc,155486,",nc155486,",",nc,",",focal-mechanism,nearby-cities,origin,phase-data,",27,0.07568,0.08,55,md,earthquake,"M 2.1 - 3 km NNW of Diablo, California",854,Point,"[-121.9805, 37.8648333, 5.007]",854
0,2.96,"2 km ENE of Alamo, California",639536485290,1481947186980,,https://earthquake.usgs.gov/earthquakes/eventpage/nc159283,https://earthquake.usgs.gov/fdsnws/event/1/query?eventid=nc159283&format=geojson,,,,,reviewed,0,135,nc,159283,",nc159283,usp00047nq,",",nc,us,",",focal-mechanism,nearby-cities,origin,phase-data,",56,0.06667,0.08,41,md,earthquake,"M 3.0 - 2 km ENE of Alamo, California",855,Point,"[-122.0045, 37.8648333, 6.376]",855
0,2.13,"3 km NNW of Diablo, California",639535272190,1481947178980,,https://earthquake.usgs.gov/earthquakes/eventpage/nc155479,https://earthquake.usgs.gov/fdsnws/event/1/query?eventid=nc155479&format=geojson,,,,,reviewed,0,70,nc,155479,",nc155479,",",nc,",",focal-mechanism,nearby-cities,origin,phase-data,",35,0.07568,0.07,56,md,earthquake,"M 2.1 - 3 km NNW of Diablo, California",856,Point,"[-121.9816667, 37.8655, 5.997]",856
0,2.84,"1 km ENE of Aromas, California",639524995220,1481947117030,,https://earthquake.usgs.gov/earthquakes/eventpage/nc159398,https://earthquake.usgs.gov/fdsnws/event/1/query?eventid=nc159398&format=geojson,,,,,reviewed,0,124,nc,159398,",nc159398,usp00047ne,",",nc,us,",",focal-mechanism,nearby-cities,origin,phase-data,",90,0.03063,0.1,45,md,earthquake,"M 2.8 - 1 km ENE of Aromas, California",857,Point,"[-121.627, 36.8958333, 5.281]",857
0,2.59,"8 km WNW of Plumas Eureka (historical), California",639519591790,1481947056658,,https://earthquake.usgs.gov/earthquakes/eventpage/nc155456,https://earthquake.usgs.gov/fdsnws/event/1/query?eventid=nc155456&format=geojson,,,,,reviewed,0,103,nc,155456,",nc155456,",",nc,",",nearby-cities,origin,phase-data,",13,0.4306,0.15,300,md,earthquake,"M 2.6 - 8 km WNW of Plumas Eureka (historical), California",858,Point,"[-120.8085, 39.7791667, -0.372]",858
0,2.35,"18km E of Little Lake, CA",639519112220,1454625647880,,https://earthquake.usgs.gov/earthquakes/eventpage/ci1056826,https://earthquake.usgs.gov/fdsnws/event/1/query?eventid=ci1056826&format=geojson,,,,,reviewed,0,85,ci,1056826,",ci1056826,",",ci,",",origin,phase-data,",0,,0.107,162.5,mc,earthquake,"M 2.4 - 18km E of Little Lake, CA",859,Point,"[-117.707, 35.918, 1.803]",859
0,4,"1 km NNE of Aromas, California",639518939350,1481947051470,,https://earthquake.usgs.gov/earthquakes/eventpage/nc10091109,https://earthquake.usgs.gov/fdsnws/event/1/query?eventid=nc10091109&format=geojson,,,,,reviewed,0,246,nc,10091109,",nc10091109,usp00047na,",",nc,us,",",focal-mechanism,impact-text,nearby-cities,origin,phase-data,",96,0.03694,0.09,38,ml,earthquake,"M 4.0 - 1 km NNE of Aromas, California",860,Point,"[-121.6323333, 36.9033333, 5.601]",860
0,2,"1 km ENE of Alamo, California",639500385390,1481946898610,,https://earthquake.usgs.gov/earthquakes/eventpage/nc155442,https://earthquake.usgs.gov/fdsnws/event/1/query?eventid=nc155442&format=geojson,,,,,reviewed,0,62,nc,155442,",nc155442,",",nc,",",focal-mechanism,nearby-cities,origin,phase-data,",32,0.05045,0.07,91,md,earthquake,"M 2.0 - 1 km ENE of Alamo, California",861,Point,"[-122.0223333, 37.855, 6.444]",861
0,2.14,"12km NE of Coso Junction, CA",639499030640,1454628364700,,https://earthquake.usgs.gov/earthquakes/eventpage/ci1056819,https://earthquake.usgs.gov/fdsnws/event/1/query?eventid=ci1056819&format=geojson,,,,,reviewed,0,70,ci,1056819,",ci1056819,",",ci,",",origin,phase-data,",0,,0.063,228.8,mc,earthquake,"M 2.1 - 12km NE of Coso Junction, CA",862,Point,"[-117.859, 36.126, 0.911]",862
0,2.15,"4 km NNW of Diablo, California",639491677120,1481946826480,,https://earthquake.usgs.gov/earthquakes/eventpage/nc155435,https://earthquake.usgs.gov/fdsnws/event/1/query?eventid=nc155435&format=geojson,,,,,reviewed,0,71,nc,155435,",nc155435,",",nc,",",focal-mechanism,nearby-cities,origin,phase-data,",33,0.07568,0.07,66,md,earthquake,"M 2.2 - 4 km NNW of Diablo, California",863,Point,"[-121.984, 37.8683333, 6.344]",863
0,2.22,"4 km NNW of Diablo, California",639489862480,1481946803302,,https://earthquake.usgs.gov/earthquakes/eventpage/nc159320,https://earthquake.usgs.gov/fdsnws/event/1/query?eventid=nc159320&format=geojson,,,,,reviewed,0,76,nc,159320,",nc159320,",",nc,",",nearby-cities,origin,phase-data,",9,0.06306,0.06,113,md,earthquake,"M 2.2 - 4 km NNW of Diablo, California",864,Point,"[-121.9676667, 37.872, 4.909]",864
0,2.37,"1 km NE of Alamo, California",639488351380,1481946767710,,https://earthquake.usgs.gov/earthquakes/eventpage/nc155434,https://earthquake.usgs.gov/fdsnws/event/1/query?eventid=nc155434&format=geojson,,,,,reviewed,0,86,nc,155434,",nc155434,",",nc,",",focal-mechanism,nearby-cities,origin,phase-data,",63,0.05856,0.08,55,md,earthquake,"M 2.4 - 1 km NE of Alamo, California",865,Point,"[-122.017, 37.8618333, 7.276]",865
0,2.33,"16km SW of Amboy, CA",639487722890,1454631805020,,https://earthquake.usgs.gov/earthquakes/eventpage/ci1056811,https://earthquake.usgs.gov/fdsnws/event/1/query?eventid=ci1056811&format=geojson,,,,,reviewed,0,84,ci,1056811,",ci1056811,",",ci,",",origin,phase-data,",0,,0.164,178.4,mc,earthquake,"M 2.3 - 16km SW of Amboy, CA",866,Point,"[-115.842, 34.438, 5.475]",866
0,2.15,"4 km SSE of North Gate, California",639486451980,1481946729560,,https://earthquake.usgs.gov/earthquakes/eventpage/nc159262,https://earthquake.usgs.gov/fdsnws/event/1/query?eventid=nc159262&format=geojson,,,,,reviewed,0,71,nc,159262,",nc159262,",",nc,",",focal-mechanism,nearby-cities,origin,phase-data,",40,0.07748,0.07,55,md,earthquake,"M 2.2 - 4 km SSE of North Gate, California",867,Point,"[-121.9878333, 37.8693333, 6.637]",867
0,2.12,"20km ENE of Delano, CA",639485624480,1454624293300,,https://earthquake.usgs.gov/earthquakes/eventpage/ci141411,https://earthquake.usgs.gov/fdsnws/event/1/query?eventid=ci141411&format=geojson,,,,,reviewed,0,69,ci,141411,",ci141411,",",ci,",",origin,phase-data,",0,,0.165,267.8,mc,earthquake,"M 2.1 - 20km ENE of Delano, CA",868,Point,"[-119.034, 35.814, 4.833]",868
0,2.45,"3 km ENE of Alamo, California",639485281550,1481946723245,,https://earthquake.usgs.gov/earthquakes/eventpage/nc159316,https://earthquake.usgs.gov/fdsnws/event/1/query?eventid=nc159316&format=geojson,,,,,reviewed,0,92,nc,159316,",nc159316,",",nc,",",nearby-cities,origin,phase-data,",19,0.06757,0.05,79,md,earthquake,"M 2.5 - 3 km ENE of Alamo, California",869,Point,"[-122.0013333, 37.8633333, 6.456]",869
0,3.03,"4 km SSE of North Gate, California",639483173810,1481946669370,,https://earthquake.usgs.gov/earthquakes/eventpage/nc159207,https://earthquake.usgs.gov/fdsnws/event/1/query?eventid=nc159207&format=geojson,,,,,reviewed,0,141,nc,159207,",nc159207,usp00047mj,",",nc,us,",",focal-mechanism,nearby-cities,origin,phase-data,",69,0.06847,0.09,48,md,earthquake,"M 3.0 - 4 km SSE of North Gate, California",870,Point,"[-121.9753333, 37.8718333, 6.384]",870
0,2.48,"18km NNE of Indio, CA",639482485450,1454624292740,,https://earthquake.usgs.gov/earthquakes/eventpage/ci1056807,https://earthquake.usgs.gov/fdsnws/event/1/query?eventid=ci1056807&format=geojson,,,,,reviewed,0,95,ci,1056807,",ci1056807,",",ci,",",origin,phase-data,",0,,0.103,71.8,ml,earthquake,"M 2.5 - 18km NNE of Indio, CA",871,Point,"[-116.152, 33.871, 1.776]",871
0,2.01,"4 km NNW of Diablo, California",639479165710,1481946604490,,https://earthquake.usgs.gov/earthquakes/eventpage/nc159200,https://earthquake.usgs.gov/fdsnws/event/1/query?eventid=nc159200&format=geojson,,,,,reviewed,0,62,nc,159200,",nc159200,",",nc,",",nearby-cities,origin,phase-data,",14,0.07477,0.05,73,md,earthquake,"M 2.0 - 4 km NNW of Diablo, California",872,Point,"[-121.9805, 37.8663333, 5.394]",872
0,2.65,"11 km SW of Aspen Springs, California",639476083330,1481946561660,,https://earthquake.usgs.gov/earthquakes/eventpage/nc159197,https://earthquake.usgs.gov/fdsnws/event/1/query?eventid=nc159197&format=geojson,,,,,reviewed,0,108,nc,159197,",nc159197,ci1056802,",",nc,ci,",",focal-mechanism,nearby-cities,origin,phase-data,",38,0.06036,0.03,127,md,earthquake,"M 2.7 - 11 km SW of Aspen Springs, California",873,Point,"[-118.81, 37.4825, 6.043]",873
0,2.73,"3 km ENE of Alamo, California",639474894520,1481946544580,,https://earthquake.usgs.gov/earthquakes/eventpage/nc155429,https://earthquake.usgs.gov/fdsnws/event/1/query?eventid=nc155429&format=geojson,,,,,reviewed,0,115,nc,155429,",nc155429,",",nc,",",focal-mechanism,nearby-cities,origin,phase-data,",61,0.07477,0.08,46,md,earthquake,"M 2.7 - 3 km ENE of Alamo, California",874,Point,"[-121.9905, 37.864, 5.954]",874
0,2.38,"3 km ENE of Alamo, California",639474581840,1481946532790,,https://earthquake.usgs.gov/earthquakes/eventpage/nc155428,https://earthquake.usgs.gov/fdsnws/event/1/query?eventid=nc155428&format=geojson,,,,,reviewed,0,87,nc,155428,",nc155428,",",nc,",",focal-mechanism,nearby-cities,origin,phase-data,",58,0.07117,0.07,56,md,earthquake,"M 2.4 - 3 km ENE of Alamo, California",875,Point,"[-121.996, 37.8636667, 6.456]",875
0,2.03,"4 km SE of North Gate, California",639473928240,1481946521732,,https://earthquake.usgs.gov/earthquakes/eventpage/nc1174927,https://earthquake.usgs.gov/fdsnws/event/1/query?eventid=nc1174927&format=geojson,,,,,reviewed,0,63,nc,1174927,",nc1174927,",",nc,",",nearby-cities,origin,phase-data,",6,0.06216,0.05,95,md,earthquake,"M 2.0 - 4 km SE of North Gate, California",876,Point,"[-121.9688333, 37.8745, 4.487]",876
0,2.88,"1 km NE of Alamo, California",639472901980,1481946513230,,https://earthquake.usgs.gov/earthquakes/eventpage/nc159260,https://earthquake.usgs.gov/fdsnws/event/1/query?eventid=nc159260&format=geojson,,,,,reviewed,0,128,nc,159260,",nc159260,",",nc,",",focal-mechanism,nearby-cities,origin,phase-data,",57,0.05766,0.07,55,md,earthquake,"M 2.9 - 1 km NE of Alamo, California",877,Point,"[-122.017, 37.8606667, 6.616]",877
0,2.58,California-Nevada border region,639472896580,1481946504940,,https://earthquake.usgs.gov/earthquakes/eventpage/nc159195,https://earthquake.usgs.gov/fdsnws/event/1/query?eventid=nc159195&format=geojson,,,,,reviewed,0,102,nc,159195,",nc159195,ci1056800,",",nc,ci,",",focal-mechanism,nearby-cities,origin,phase-data,",29,0.05676,0.05,128,md,earthquake,M 2.6 - California-Nevada border region,878,Point,"[-118.8098333, 37.4766667, 7.323]",878
0,2.2,Northern California,639472152060,1481946473070,,https://earthquake.usgs.gov/earthquakes/eventpage/nc159194,https://earthquake.usgs.gov/fdsnws/event/1/query?eventid=nc159194&format=geojson,,,,,reviewed,0,74,nc,159194,",nc159194,",",nc,",",focal-mechanism,nearby-cities,origin,phase-data,",41,0.06937,0.07,60,md,earthquake,M 2.2 - Northern California,879,Point,"[-121.9776667, 37.8715, 6.997]",879
0,2.1,"4 km NNW of Diablo, California",639471834640,1481946462982,,https://earthquake.usgs.gov/earthquakes/eventpage/nc155426,https://earthquake.usgs.gov/fdsnws/event/1/query?eventid=nc155426&format=geojson,,,,,reviewed,0,68,nc,155426,",nc155426,",",nc,",",nearby-cities,origin,phase-data,",27,0.07207,0.06,60,md,earthquake,"M 2.1 - 4 km NNW of Diablo, California",880,Point,"[-121.9781667, 37.8685, 6.087]",880
0,2.17,"11 km SW of Aspen Springs, California",639469855050,1481946450330,,https://earthquake.usgs.gov/earthquakes/eventpage/nc159357,https://earthquake.usgs.gov/fdsnws/event/1/query?eventid=nc159357&format=geojson,,,,,reviewed,0,72,nc,159357,",nc159357,ci141419,",",nc,ci,",",focal-mechanism,nearby-cities,origin,phase-data,",24,0.05856,0.03,112,md,earthquake,"M 2.2 - 11 km SW of Aspen Springs, California",881,Point,"[-118.808, 37.4806667, 6.963]",881
0,3.7,"11 km SW of Aspen Springs, California",639469736090,1481946431240,,https://earthquake.usgs.gov/earthquakes/eventpage/nc159193,https://earthquake.usgs.gov/fdsnws/event/1/query?eventid=nc159193&format=geojson,,,,,reviewed,0,211,nc,159193,",nc159193,ci1056799,usp00047mb,",",nc,ci,us,",",focal-mechanism,nearby-cities,origin,phase-data,",28,0.05766,0.05,111,ml,earthquake,"M 3.7 - 11 km SW of Aspen Springs, California",882,Point,"[-118.8075, 37.4806667, 7.213]",882
0,2.04,"2 km ENE of Alamo, California",639469262860,1481946421810,,https://earthquake.usgs.gov/earthquakes/eventpage/nc159192,https://earthquake.usgs.gov/fdsnws/event/1/query?eventid=nc159192&format=geojson,,,,,reviewed,0,64,nc,159192,",nc159192,",",nc,",",focal-mechanism,nearby-cities,origin,phase-data,",28,0.05856,0.07,54,md,earthquake,"M 2.0 - 2 km ENE of Alamo, California",883,Point,"[-122.0101667, 37.8578333, 5.986]",883
0,2.22,"4 km WSW of Cobb, California",639468740690,1481946401270,,https://earthquake.usgs.gov/earthquakes/eventpage/nc155425,https://earthquake.usgs.gov/fdsnws/event/1/query?eventid=nc155425&format=geojson,,,,,reviewed,0,76,nc,155425,",nc155425,",",nc,",",focal-mechanism,nearby-cities,origin,phase-data,",33,0.01441,0.03,53,md,earthquake,"M 2.2 - 4 km WSW of Cobb, California",884,Point,"[-122.7765, 38.8066667, 2.611]",884
0,2.03,"4 km NW of Diablo, California",639468586890,1481946389388,,https://earthquake.usgs.gov/earthquakes/eventpage/nc159254,https://earthquake.usgs.gov/fdsnws/event/1/query?eventid=nc159254&format=geojson,,,,,reviewed,0,63,nc,159254,",nc159254,",",nc,",",nearby-cities,origin,phase-data,",23,0.07658,0.05,46,md,earthquake,"M 2.0 - 4 km NW of Diablo, California",885,Point,"[-121.9878333, 37.8646667, 6.184]",885
0,2.52,"4 km SSE of North Gate, California",639467730350,1481946372860,,https://earthquake.usgs.gov/earthquakes/eventpage/nc155424,https://earthquake.usgs.gov/fdsnws/event/1/query?eventid=nc155424&format=geojson,,,,,reviewed,0,98,nc,155424,",nc155424,",",nc,",",focal-mechanism,nearby-cities,origin,phase-data,",61,0.06757,0.06,68,md,earthquake,"M 2.5 - 4 km SSE of North Gate, California",886,Point,"[-121.9751667, 37.8728333, 6.924]",886
0,2.27,"2 km ENE of Alamo, California",639464575110,1481946336218,,https://earthquake.usgs.gov/earthquakes/eventpage/nc1174908,https://earthquake.usgs.gov/fdsnws/event/1/query?eventid=nc1174908&format=geojson,,,,,reviewed,0,79,nc,1174908,",nc1174908,",",nc,",",nearby-cities,origin,phase-data,",24,0.06486,0.07,132,md,earthquake,"M 2.3 - 2 km ENE of Alamo, California",887,Point,"[-122.0006667, 37.8585, 5.754]",887
0,2.33,"4 km SSE of North Gate, California",639464491370,1481946330960,,https://earthquake.usgs.gov/earthquakes/eventpage/nc159248,https://earthquake.usgs.gov/fdsnws/event/1/query?eventid=nc159248&format=geojson,,,,,reviewed,0,84,nc,159248,",nc159248,",",nc,",",focal-mechanism,nearby-cities,origin,phase-data,",45,0.06667,0.06,48,md,earthquake,"M 2.3 - 4 km SSE of North Gate, California",888,Point,"[-121.9736667, 37.8728333, 7.047]",888
0,2.72,"3 km NNW of Diablo, California",639463751490,1481946304891,,https://earthquake.usgs.gov/earthquakes/eventpage/nc159246,https://earthquake.usgs.gov/fdsnws/event/1/query?eventid=nc159246&format=geojson,,,,,reviewed,0,114,nc,159246,",nc159246,",",nc,",",nearby-cities,origin,phase-data,",7,0.07477,0.01,111,md,earthquake,"M 2.7 - 3 km NNW of Diablo, California",889,Point,"[-121.9796667, 37.8658333, 4.302]",889
0,3.2,"4 km SSE of North Gate, California",639463567800,1481946296150,,https://earthquake.usgs.gov/earthquakes/eventpage/nc10091111,https://earthquake.usgs.gov/fdsnws/event/1/query?eventid=nc10091111&format=geojson,,,,,reviewed,0,158,nc,10091111,",nc10091111,usp00047m3,",",nc,us,",",focal-mechanism,nearby-cities,origin,phase-data,",78,0.06486,0.06,48,ml,earthquake,"M 3.2 - 4 km SSE of North Gate, California",890,Point,"[-121.9731667, 37.8746667, 7.027]",890
0,2.94,"4 km SSE of North Gate, California",639463509020,1481946287260,,https://earthquake.usgs.gov/earthquakes/eventpage/nc10091107,https://earthquake.usgs.gov/fdsnws/event/1/query?eventid=nc10091107&format=geojson,,,,,reviewed,0,133,nc,10091107,",nc10091107,",",nc,",",focal-mechanism,nearby-cities,origin,phase-data,",65,0.06577,0.07,61,md,earthquake,"M 2.9 - 4 km SSE of North Gate, California",891,Point,"[-121.9738333, 37.8746667, 6.567]",891
0,2.12,"18km NNE of Indio, CA",639463353700,1454625646980,,https://earthquake.usgs.gov/earthquakes/eventpage/ci141410,https://earthquake.usgs.gov/fdsnws/event/1/query?eventid=ci141410&format=geojson,,,,,reviewed,0,69,ci,141410,",ci141410,",",ci,",",origin,phase-data,",0,,0.12,92.7,mc,earthquake,"M 2.1 - 18km NNE of Indio, CA",892,Point,"[-116.155, 33.875, 4.326]",892
0,2.15,"3 km NW of Diablo, California",639461869960,1481946271050,,https://earthquake.usgs.gov/earthquakes/eventpage/nc159244,https://earthquake.usgs.gov/fdsnws/event/1/query?eventid=nc159244&format=geojson,,,,,reviewed,0,71,nc,159244,",nc159244,",",nc,",",focal-mechanism,nearby-cities,origin,phase-data,",36,0.07658,0.08,58,md,earthquake,"M 2.2 - 3 km NW of Diablo, California",893,Point,"[-121.986, 37.8626667, 5.577]",893
0,2.54,"3 km ENE of Alamo, California",639459979350,1481946241190,,https://earthquake.usgs.gov/earthquakes/eventpage/nc159133,https://earthquake.usgs.gov/fdsnws/event/1/query?eventid=nc159133&format=geojson,,,,,reviewed,0,99,nc,159133,",nc159133,",",nc,",",focal-mechanism,nearby-cities,origin,phase-data,",33,0.1108,0.14,134,md,earthquake,"M 2.5 - 3 km ENE of Alamo, California",894,Point,"[-121.9926667, 37.8606667, 5.421]",894
0,2.59,"3 km ENE of Alamo, California",639459630780,1481946229680,,https://earthquake.usgs.gov/earthquakes/eventpage/nc159132,https://earthquake.usgs.gov/fdsnws/event/1/query?eventid=nc159132&format=geojson,,,,,reviewed,0,103,nc,159132,",nc159132,",",nc,",",focal-mechanism,nearby-cities,origin,phase-data,",51,0.06847,0.08,53,md,earthquake,"M 2.6 - 3 km ENE of Alamo, California",895,Point,"[-121.9991667, 37.8621667, 5.976]",895
0,2.44,"4 km NNW of Diablo, California",639458846750,1481946217240,,https://earthquake.usgs.gov/earthquakes/eventpage/nc159127,https://earthquake.usgs.gov/fdsnws/event/1/query?eventid=nc159127&format=geojson,,,,,reviewed,0,92,nc,159127,",nc159127,",",nc,",",focal-mechanism,nearby-cities,origin,phase-data,",48,0.07297,0.08,58,md,earthquake,"M 2.4 - 4 km NNW of Diablo, California",896,Point,"[-121.9793333, 37.868, 6.087]",896
0,2.23,"3 km NNW of Diablo, California",639458745990,1481946203440,,https://earthquake.usgs.gov/earthquakes/eventpage/nc159126,https://earthquake.usgs.gov/fdsnws/event/1/query?eventid=nc159126&format=geojson,,,,,reviewed,0,77,nc,159126,",nc159126,",",nc,",",focal-mechanism,nearby-cities,origin,phase-data,",33,0.08559,0.07,149,md,earthquake,"M 2.2 - 3 km NNW of Diablo, California",897,Point,"[-121.9748333, 37.8665, 6.024]",897
0,2.27,"13km NE of Lake Arrowhead, CA",639457842700,1454632474900,,https://earthquake.usgs.gov/earthquakes/eventpage/ci1056791,https://earthquake.usgs.gov/fdsnws/event/1/query?eventid=ci1056791&format=geojson,,,,,reviewed,0,79,ci,1056791,",ci1056791,",",ci,",",origin,phase-data,",0,,0.071,44.4,mc,earthquake,"M 2.3 - 13km NE of Lake Arrowhead, CA",898,Point,"[-117.094, 34.33, 4.047]",898
0,2.05,"4 km NNW of Diablo, California",639457427690,1481946172659,,https://earthquake.usgs.gov/earthquakes/eventpage/nc159176,https://earthquake.usgs.gov/fdsnws/event/1/query?eventid=nc159176&format=geojson,,,,,reviewed,0,65,nc,159176,",nc159176,",",nc,",",nearby-cities,origin,phase-data,",19,0.07297,0.05,99,md,earthquake,"M 2.1 - 4 km NNW of Diablo, California",899,Point,"[-121.978, 37.8673333, 4.957]",899
0,3.2,"4 km SSE of North Gate, California",639457173590,1481946160550,,https://earthquake.usgs.gov/earthquakes/eventpage/nc10091106,https://earthquake.usgs.gov/fdsnws/event/1/query?eventid=nc10091106&format=geojson,,,,,reviewed,0,158,nc,10091106,",nc10091106,usp00047ky,",",nc,us,",",focal-mechanism,nearby-cities,origin,phase-data,",79,0.06667,0.07,47,ml,earthquake,"M 3.2 - 4 km SSE of North Gate, California",900,Point,"[-121.9751667, 37.874, 7.017]",900
0,3.01,"4 km SSE of North Gate, California",639456957780,1481946147500,,https://earthquake.usgs.gov/earthquakes/eventpage/nc155423,https://earthquake.usgs.gov/fdsnws/event/1/query?eventid=nc155423&format=geojson,,,,,reviewed,0,139,nc,155423,",nc155423,usp00047kx,",",nc,us,",",focal-mechanism,nearby-cities,origin,phase-data,",68,0.06757,0.06,46,md,earthquake,"M 3.0 - 4 km SSE of North Gate, California",901,Point,"[-121.976, 37.8741667, 6.707]",901
0,3.6,"3 km SSE of North Gate, California",639456671860,1481946136490,,https://earthquake.usgs.gov/earthquakes/eventpage/nc10091100,https://earthquake.usgs.gov/fdsnws/event/1/query?eventid=nc10091100&format=geojson,,,,,reviewed,0,199,nc,10091100,",nc10091100,",",nc,",",focal-mechanism,nearby-cities,origin,phase-data,",80,0.06937,0.06,45,ml,earthquake,"M 3.6 - 3 km SSE of North Gate, California",902,Point,"[-121.9791667, 37.8746667, 7.787]",902
0,2.41,"3 km ENE of Alamo, California",639456137840,1481946112908,,https://earthquake.usgs.gov/earthquakes/eventpage/nc10091104,https://earthquake.usgs.gov/fdsnws/event/1/query?eventid=nc10091104&format=geojson,,,,,reviewed,0,89,nc,10091104,",nc10091104,",",nc,",",nearby-cities,origin,phase-data,",14,0.07207,0.03,56,md,earthquake,"M 2.4 - 3 km ENE of Alamo, California",903,Point,"[-121.9921667, 37.8615, 4.227]",903
0,3.7,"3 km ENE of Alamo, California",639456071860,1481946107260,,https://earthquake.usgs.gov/earthquakes/eventpage/nc10091103,https://earthquake.usgs.gov/fdsnws/event/1/query?eventid=nc10091103&format=geojson,,,,,reviewed,0,211,nc,10091103,",nc10091103,usp00047ku,",",nc,us,",",focal-mechanism,nearby-cities,origin,phase-data,",66,0.07027,0.06,55,ml,earthquake,"M 3.7 - 3 km ENE of Alamo, California",904,Point,"[-121.9961667, 37.8628333, 6.317]",904
0,4.4,"3 km SSE of North Gate, California",639455957560,1481946098490,,https://earthquake.usgs.gov/earthquakes/eventpage/nc10091101,https://earthquake.usgs.gov/fdsnws/event/1/query?eventid=nc10091101&format=geojson,,,,,reviewed,0,298,nc,10091101,",nc10091101,usp00047kt,",",nc,us,",",focal-mechanism,impact-text,nearby-cities,origin,phase-data,",81,0.07117,0.08,45,ml,earthquake,"M 4.4 - 3 km SSE of North Gate, California",905,Point,"[-121.9816667, 37.873, 7.927]",905
0,2.55,"2 km NE of Alamo, California",639455883110,1481946087050,,https://earthquake.usgs.gov/earthquakes/eventpage/nc10091102,https://earthquake.usgs.gov/fdsnws/event/1/query?eventid=nc10091102&format=geojson,,,,,reviewed,0,100,nc,10091102,",nc10091102,",",nc,",",focal-mechanism,nearby-cities,origin,phase-data,",64,0.06036,0.08,38,md,earthquake,"M 2.6 - 2 km NE of Alamo, California",906,Point,"[-122.0156667, 37.8633333, 7.626]",906
0,2.06,"10km ESE of Yorba Linda, CA",639455861140,1454630428510,,https://earthquake.usgs.gov/earthquakes/eventpage/ci1056784,https://earthquake.usgs.gov/fdsnws/event/1/query?eventid=ci1056784&format=geojson,,,,,reviewed,0,65,ci,1056784,",ci1056784,",",ci,",",origin,phase-data,",0,,0.101,107,mc,earthquake,"M 2.1 - 10km ESE of Yorba Linda, CA",907,Point,"[-117.707, 33.87, 4.663]",907
0,2.06,"5km N of Claremont, CA",639455089930,1454627664640,,https://earthquake.usgs.gov/earthquakes/eventpage/ci1056783,https://earthquake.usgs.gov/fdsnws/event/1/query?eventid=ci1056783&format=geojson,,,,,reviewed,0,65,ci,1056783,",ci1056783,",",ci,",",origin,phase-data,",0,,0.211,75.5,mc,earthquake,"M 2.1 - 5km N of Claremont, CA",908,Point,"[-117.722, 34.145, 4.907]",908
0,2.38,"2 km ENE of Alamo, California",639453543280,1481946066970,,https://earthquake.usgs.gov/earthquakes/eventpage/nc159074,https://earthquake.usgs.gov/fdsnws/event/1/query?eventid=nc159074&format=geojson,,,,,reviewed,0,87,nc,159074,",nc159074,",",nc,",",focal-mechanism,nearby-cities,origin,phase-data,",33,0.05856,0.07,54,md,earthquake,"M 2.4 - 2 km ENE of Alamo, California",909,Point,"[-122.0113333, 37.8586667, 6.016]",909
0,2.42,"4 km SSE of North Gate, California",639452922260,1481946053450,,https://earthquake.usgs.gov/earthquakes/eventpage/nc159072,https://earthquake.usgs.gov/fdsnws/event/1/query?eventid=nc159072&format=geojson,,,,,reviewed,0,90,nc,159072,",nc159072,",",nc,",",focal-mechanism,nearby-cities,origin,phase-data,",52,0.07658,0.06,59,md,earthquake,"M 2.4 - 4 km SSE of North Gate, California",910,Point,"[-121.9865, 37.8695, 6.897]",910
0,2.13,"18km NNE of Indio, CA",639452906680,1454629029340,,https://earthquake.usgs.gov/earthquakes/eventpage/ci141409,https://earthquake.usgs.gov/fdsnws/event/1/query?eventid=ci141409&format=geojson,,,,,reviewed,0,70,ci,141409,",ci141409,",",ci,",",origin,phase-data,",0,,0.124,91,mc,earthquake,"M 2.1 - 18km NNE of Indio, CA",911,Point,"[-116.153, 33.871, 1.226]",911
0,4.14,"18km NNE of Indio, CA",639450425130,1454626313270,,https://earthquake.usgs.gov/earthquakes/eventpage/ci1056778,https://earthquake.usgs.gov/fdsnws/event/1/query?eventid=ci1056778&format=geojson,,,,,reviewed,0,264,ci,1056778,",usp00047kr,ci1056778,",",us,ci,",",impact-text,origin,phase-data,",0,,0.093,70.9,ml,earthquake,"M 4.1 - 18km NNE of Indio, CA",912,Point,"[-116.156, 33.871, 4.286]",912
0,2.18,"2 km ENE of Alamo, California",639448710870,1481945985000,,https://earthquake.usgs.gov/earthquakes/eventpage/nc155422,https://earthquake.usgs.gov/fdsnws/event/1/query?eventid=nc155422&format=geojson,,,,,reviewed,0,73,nc,155422,",nc155422,",",nc,",",focal-mechanism,nearby-cities,origin,phase-data,",44,0.06036,0.06,55,md,earthquake,"M 2.2 - 2 km ENE of Alamo, California",913,Point,"[-122.0095, 37.8598333, 6.196]",913
0,3.02,"2 km ENE of Alamo, California",639447857050,1481945963870,,https://earthquake.usgs.gov/earthquakes/eventpage/nc159067,https://earthquake.usgs.gov/fdsnws/event/1/query?eventid=nc159067&format=geojson,,,,,reviewed,0,140,nc,159067,",nc159067,usp00047kn,",",nc,us,",",focal-mechanism,nearby-cities,origin,phase-data,",58,0.06216,0.07,41,md,earthquake,"M 3.0 - 2 km ENE of Alamo, California",914,Point,"[-122.0081667, 37.861, 6.966]",914
0,2.3,"2 km ENE of Alamo, California",639447285030,1481945951460,,https://earthquake.usgs.gov/earthquakes/eventpage/nc155538,https://earthquake.usgs.gov/fdsnws/event/1/query?eventid=nc155538&format=geojson,,,,,reviewed,0,81,nc,155538,",nc155538,",",nc,",",focal-mechanism,nearby-cities,origin,phase-data,",43,0.06036,0.07,42,md,earthquake,"M 2.3 - 2 km ENE of Alamo, California",915,Point,"[-122.0091667, 37.8595, 6.496]",915
0,2.13,"14km SSE of Ocotillo Wells, CA",639446744640,1454624957160,,https://earthquake.usgs.gov/earthquakes/eventpage/ci141407,https://earthquake.usgs.gov/fdsnws/event/1/query?eventid=ci141407&format=geojson,,,,,reviewed,0,70,ci,141407,",ci141407,",",ci,",",origin,phase-data,",0,,0.209,138.3,mc,quarry blast,"M 2.1 Quarry Blast - 14km SSE of Ocotillo Wells, CA",916,Point,"[-116.08, 33.03, -0.247]",916
0,2.83,"3 km W of San Juan Bautista, California",639446715620,1481945943500,,https://earthquake.usgs.gov/earthquakes/eventpage/nc155535,https://earthquake.usgs.gov/fdsnws/event/1/query?eventid=nc155535&format=geojson,,,,,reviewed,0,123,nc,155535,",nc155535,",",nc,",",focal-mechanism,nearby-cities,origin,phase-data,",78,0.02072,0.09,33,md,earthquake,"M 2.8 - 3 km W of San Juan Bautista, California",917,Point,"[-121.577, 36.8443333, 7.114]",917
0,2.83,"4 km S of North Gate, California",639445280590,1481945912840,,https://earthquake.usgs.gov/earthquakes/eventpage/nc155533,https://earthquake.usgs.gov/fdsnws/event/1/query?eventid=nc155533&format=geojson,,,,,reviewed,0,123,nc,155533,",nc155533,",",nc,",",focal-mechanism,nearby-cities,origin,phase-data,",69,0.07838,0.08,43,md,earthquake,"M 2.8 - 4 km S of North Gate, California",918,Point,"[-121.9916667, 37.8703333, 7.154]",918
0,2.7,"3 km ENE of Alamo, California",639444044960,1481945900730,,https://earthquake.usgs.gov/earthquakes/eventpage/nc155532,https://earthquake.usgs.gov/fdsnws/event/1/query?eventid=nc155532&format=geojson,,,,,reviewed,0,112,nc,155532,",nc155532,",",nc,",",focal-mechanism,nearby-cities,origin,phase-data,",74,0.07117,0.06,57,md,earthquake,"M 2.7 - 3 km ENE of Alamo, California",919,Point,"[-121.997, 37.8646667, 6.387]",919
0,2.36,"4km WNW of Beaumont, CA",639443173240,1454625645640,,https://earthquake.usgs.gov/earthquakes/eventpage/ci144721,https://earthquake.usgs.gov/fdsnws/event/1/query?eventid=ci144721&format=geojson,,,,,reviewed,0,86,ci,144721,",ci144721,",",ci,",",origin,phase-data,",0,0.3064,0.117,89.5,ml,earthquake,"M 2.4 - 4km WNW of Beaumont, CA",920,Point,"[-117.011, 33.947, 5.119]",920
0,2.66,"4 km SSE of North Gate, California",639442241690,1481945870240,,https://earthquake.usgs.gov/earthquakes/eventpage/nc155528,https://earthquake.usgs.gov/fdsnws/event/1/query?eventid=nc155528&format=geojson,,,,,reviewed,0,109,nc,155528,",nc155528,",",nc,",",focal-mechanism,nearby-cities,origin,phase-data,",61,0.07838,0.08,44,md,earthquake,"M 2.7 - 4 km SSE of North Gate, California",921,Point,"[-121.9886667, 37.8696667, 6.797]",921
0,2.43,"3 km ENE of Alamo, California",639442098260,1481945861850,,https://earthquake.usgs.gov/earthquakes/eventpage/nc155674,https://earthquake.usgs.gov/fdsnws/event/1/query?eventid=nc155674&format=geojson,,,,,reviewed,0,91,nc,155674,",nc155674,",",nc,",",focal-mechanism,nearby-cities,origin,phase-data,",60,0.07297,0.06,43,md,earthquake,"M 2.4 - 3 km ENE of Alamo, California",922,Point,"[-121.9956667, 37.8658333, 7.127]",922
0,2.41,"3 km ENE of Alamo, California",639442012270,1481945854000,,https://earthquake.usgs.gov/earthquakes/eventpage/nc155527,https://earthquake.usgs.gov/fdsnws/event/1/query?eventid=nc155527&format=geojson,,,,,reviewed,0,89,nc,155527,",nc155527,",",nc,",",focal-mechanism,nearby-cities,origin,phase-data,",59,0.07207,0.07,56,md,earthquake,"M 2.4 - 3 km ENE of Alamo, California",923,Point,"[-121.9938333, 37.863, 5.977]",923
0,3.2,"4 km SSE of North Gate, California",639441816760,1481945835300,,https://earthquake.usgs.gov/earthquakes/eventpage/nc10091113,https://earthquake.usgs.gov/fdsnws/event/1/query?eventid=nc10091113&format=geojson,,,,,reviewed,0,158,nc,10091113,",nc10091113,usp00047kf,",",nc,us,",",focal-mechanism,nearby-cities,origin,phase-data,",68,0.07748,0.06,60,ml,earthquake,"M 3.2 - 4 km SSE of North Gate, California",924,Point,"[-121.9875, 37.8695, 6.807]",924
0,3.9,"3 km NE of Alamo, California",639441686450,1481945826900,,https://earthquake.usgs.gov/earthquakes/eventpage/nc10091105,https://earthquake.usgs.gov/fdsnws/event/1/query?eventid=nc10091105&format=geojson,,,,,reviewed,0,234,nc,10091105,",nc10091105,usp00047ke,",",nc,us,",",focal-mechanism,impact-text,nearby-cities,origin,phase-data,",81,0.07117,0.08,40,ml,earthquake,"M 3.9 - 3 km NE of Alamo, California",925,Point,"[-122.001, 37.8681667, 8.684]",925
0,2.04,"2 km ENE of Alamo, California",639441552680,1481945815310,,https://earthquake.usgs.gov/earthquakes/eventpage/nc155473,https://earthquake.usgs.gov/fdsnws/event/1/query?eventid=nc155473&format=geojson,,,,,reviewed,0,64,nc,155473,",nc155473,",",nc,",",focal-mechanism,nearby-cities,origin,phase-data,",36,0.06216,0.07,55,md,earthquake,"M 2.0 - 2 km ENE of Alamo, California",926,Point,"[-122.0078333, 37.8603333, 6.486]",926
0,3.04,"2 km NE of Alamo, California",639438767450,1481945766420,,https://earthquake.usgs.gov/earthquakes/eventpage/nc1174870,https://earthquake.usgs.gov/fdsnws/event/1/query?eventid=nc1174870&format=geojson,,,,,reviewed,0,142,nc,1174870,",nc1174870,usp00047k9,",",nc,us,",",focal-mechanism,nearby-cities,origin,phase-data,",69,0.06577,0.08,41,md,earthquake,"M 3.0 - 2 km NE of Alamo, California",927,Point,"[-122.0058333, 37.8645, 7.586]",927
0,2.11,"3 km ENE of Alamo, California",639437441130,1481945748093,,https://earthquake.usgs.gov/earthquakes/eventpage/nc1174868,https://earthquake.usgs.gov/fdsnws/event/1/query?eventid=nc1174868&format=geojson,,,,,reviewed,0,68,nc,1174868,",nc1174868,",",nc,",",nearby-cities,origin,phase-data,",23,0.07568,0.06,57,md,earthquake,"M 2.1 - 3 km ENE of Alamo, California",928,Point,"[-121.9918333, 37.8666667, 6.167]",928
0,2.29,"4 km ENE of Alamo, California",639437253190,1481945742590,,https://earthquake.usgs.gov/earthquakes/eventpage/nc155419,https://earthquake.usgs.gov/fdsnws/event/1/query?eventid=nc155419&format=geojson,,,,,reviewed,0,81,nc,155419,",nc155419,",",nc,",",focal-mechanism,nearby-cities,origin,phase-data,",41,0.07658,0.07,58,md,earthquake,"M 2.3 - 4 km ENE of Alamo, California",929,Point,"[-121.9906667, 37.8666667, 6.367]",929
0,2.11,"2 km ENE of Alamo, California",639436048020,1481945713961,,https://earthquake.usgs.gov/earthquakes/eventpage/nc1174863,https://earthquake.usgs.gov/fdsnws/event/1/query?eventid=nc1174863&format=geojson,,,,,reviewed,0,68,nc,1174863,",nc1174863,",",nc,",",nearby-cities,origin,phase-data,",27,0.06577,0.08,98,md,earthquake,"M 2.1 - 2 km ENE of Alamo, California",930,Point,"[-122.0021667, 37.8611667, 6.097]",930
0,2.41,"2 km ENE of Alamo, California",639435992890,1481945704760,,https://earthquake.usgs.gov/earthquakes/eventpage/nc1174861,https://earthquake.usgs.gov/fdsnws/event/1/query?eventid=nc1174861&format=geojson,,,,,reviewed,0,89,nc,1174861,",nc1174861,",",nc,",",focal-mechanism,nearby-cities,origin,phase-data,",39,0.06667,0.07,55,md,earthquake,"M 2.4 - 2 km ENE of Alamo, California",931,Point,"[-122.0033333, 37.8631667, 6.476]",931
0,2.39,"3 km ENE of Alamo, California",639435548290,1481945692630,,https://earthquake.usgs.gov/earthquakes/eventpage/nc1174859,https://earthquake.usgs.gov/fdsnws/event/1/query?eventid=nc1174859&format=geojson,,,,,reviewed,0,88,nc,1174859,",nc1174859,",",nc,",",focal-mechanism,nearby-cities,origin,phase-data,",40,0.07297,0.07,57,md,earthquake,"M 2.4 - 3 km ENE of Alamo, California",932,Point,"[-121.9953333, 37.866, 6.057]",932
0,3.7,"3 km NE of Alamo, California",639435352850,1481945685110,,https://earthquake.usgs.gov/earthquakes/eventpage/nc1174858,https://earthquake.usgs.gov/fdsnws/event/1/query?eventid=nc1174858&format=geojson,,,,,reviewed,0,211,nc,1174858,",nc1174858,usp00047k7,",",nc,us,",",focal-mechanism,impact-text,nearby-cities,origin,phase-data,",74,0.07387,0.08,41,ml,earthquake,"M 3.7 - 3 km NE of Alamo, California",933,Point,"[-121.9985, 37.8691667, 8.024]",933
0,2.18,"14km ENE of Little Lake, CA",639422416960,1454629028830,,https://earthquake.usgs.gov/earthquakes/eventpage/ci1056760,https://earthquake.usgs.gov/fdsnws/event/1/query?eventid=ci1056760&format=geojson,,,,,reviewed,0,73,ci,1056760,",ci1056760,",",ci,",",origin,phase-data,",0,,0.089,145.9,mc,earthquake,"M 2.2 - 14km ENE of Little Lake, CA",934,Point,"[-117.757, 35.965, 2.065]",934
0,2.73,"63km E of Beatty, NV",639421201170,1454625645170,,https://earthquake.usgs.gov/earthquakes/eventpage/ci1056759,https://earthquake.usgs.gov/fdsnws/event/1/query?eventid=ci1056759&format=geojson,,,,,reviewed,0,115,ci,1056759,",ci1056759,",",ci,",",origin,phase-data,",0,,0.332,261.4,mc,nuclear explosion,"M 2.7 Nuclear Explosion - 63km E of Beatty, NV",935,Point,"[-116.05, 37, 0]",935
0,2.56,"22km ENE of Little Lake, CA",639421028860,1454626973290,,https://earthquake.usgs.gov/earthquakes/eventpage/ci1056758,https://earthquake.usgs.gov/fdsnws/event/1/query?eventid=ci1056758&format=geojson,,,,,reviewed,0,101,ci,1056758,",ci1056758,",",ci,",",origin,phase-data,",0,,0.065,195.6,mc,earthquake,"M 2.6 - 22km ENE of Little Lake, CA",936,Point,"[-117.695, 36.044, -0.049]",936
0,2.2,"4km W of Lytle Creek, CA",639411733480,1454628362870,,https://earthquake.usgs.gov/earthquakes/eventpage/ci1056754,https://earthquake.usgs.gov/fdsnws/event/1/query?eventid=ci1056754&format=geojson,,,,,reviewed,0,74,ci,1056754,",ci1056754,",",ci,",",origin,phase-data,",0,,0.076,56.4,mc,earthquake,"M 2.2 - 4km W of Lytle Creek, CA",937,Point,"[-117.541, 34.263, 10.799]",937
0,2.49,"38km ESE of Johannesburg, CA",639395753500,1454624290910,,https://earthquake.usgs.gov/earthquakes/eventpage/ci1056750,https://earthquake.usgs.gov/fdsnws/event/1/query?eventid=ci1056750&format=geojson,,,,,reviewed,0,95,ci,1056750,",ci1056750,",",ci,",",origin,phase-data,",0,,0.115,86.5,mc,earthquake,"M 2.5 - 38km ESE of Johannesburg, CA",938,Point,"[-117.277, 35.201, 5.086]",938
0,2.26,"10 km WSW of Swall Meadows, California",639390097930,1481945468220,,https://earthquake.usgs.gov/earthquakes/eventpage/nc155356,https://earthquake.usgs.gov/fdsnws/event/1/query?eventid=nc155356&format=geojson,,,,,reviewed,0,79,nc,155356,",nc155356,ci1056747,",",nc,ci,",",focal-mechanism,nearby-cities,origin,phase-data,",38,0.02523,0.05,70,md,earthquake,"M 2.3 - 10 km WSW of Swall Meadows, California",939,Point,"[-118.7505, 37.4608333, 12.403]",939
0,2.01,"9 km ENE of Buck Meadows, California",639382927060,1481945442608,,https://earthquake.usgs.gov/earthquakes/eventpage/nc155351,https://earthquake.usgs.gov/fdsnws/event/1/query?eventid=nc155351&format=geojson,,,,,reviewed,0,62,nc,155351,",nc155351,",",nc,",",nearby-cities,origin,phase-data,",14,0.3486,0.08,128,md,earthquake,"M 2.0 - 9 km ENE of Buck Meadows, California",940,Point,"[-119.9721667, 37.8491667, 29.047]",940
0,2.28,"5km N of Claremont, CA",639376447680,1454626311970,,https://earthquake.usgs.gov/earthquakes/eventpage/ci1056742,https://earthquake.usgs.gov/fdsnws/event/1/query?eventid=ci1056742&format=geojson,,,,,reviewed,0,80,ci,1056742,",ci1056742,",",ci,",",origin,phase-data,",0,,0.107,79.7,mc,earthquake,"M 2.3 - 5km N of Claremont, CA",941,Point,"[-117.71, 34.143, 2.551]",941
0,2.14,"5 km SE of Hopland, California",639373249470,1481945412359,,https://earthquake.usgs.gov/earthquakes/eventpage/nc1174821,https://earthquake.usgs.gov/fdsnws/event/1/query?eventid=nc1174821&format=geojson,,,,,reviewed,0,70,nc,1174821,",nc1174821,",",nc,",",nearby-cities,origin,phase-data,",4,0.09279,0.01,110,md,earthquake,"M 2.1 - 5 km SE of Hopland, California",942,Point,"[-123.0741667, 38.935, 4.293]",942
0,2.42,"5km NNE of Claremont, CA",639364391100,1454624289890,,https://earthquake.usgs.gov/earthquakes/eventpage/ci1056740,https://earthquake.usgs.gov/fdsnws/event/1/query?eventid=ci1056740&format=geojson,,,,,reviewed,0,90,ci,1056740,",ci1056740,",",ci,",",origin,phase-data,",0,,0.085,45,mc,earthquake,"M 2.4 - 5km NNE of Claremont, CA",943,Point,"[-117.703, 34.14, 5.221]",943
0,2.48,"15 km E of Hidden Valley Lake, California",639352359880,1481945304429,,https://earthquake.usgs.gov/earthquakes/eventpage/nc1174805,https://earthquake.usgs.gov/fdsnws/event/1/query?eventid=nc1174805&format=geojson,,,,,reviewed,0,95,nc,1174805,",nc1174805,",",nc,",",nearby-cities,origin,phase-data,",18,0.1685,0.46,73,md,quarry blast,"M 2.5 Quarry Blast - 15 km E of Hidden Valley Lake, California",944,Point,"[-122.3831667, 38.8273333, -0.072]",944
0,2.1,"4km NNE of Claremont, CA",639347976340,1454627662490,,https://earthquake.usgs.gov/earthquakes/eventpage/ci1056701,https://earthquake.usgs.gov/fdsnws/event/1/query?eventid=ci1056701&format=geojson,,,,,reviewed,0,68,ci,1056701,",ci1056701,",",ci,",",origin,phase-data,",0,,0.084,84.9,mc,earthquake,"M 2.1 - 4km NNE of Claremont, CA",945,Point,"[-117.709, 34.131, 5.861]",945
0,2.26,"9 km NNE of Cambria, California",639344205950,1481945288990,,https://earthquake.usgs.gov/earthquakes/eventpage/nc159119,https://earthquake.usgs.gov/fdsnws/event/1/query?eventid=nc159119&format=geojson,,,,,reviewed,0,79,nc,159119,",nc159119,ci1056698,",",nc,ci,",",focal-mechanism,nearby-cities,origin,phase-data,",41,0.04505,0.1,61,md,earthquake,"M 2.3 - 9 km NNE of Cambria, California",946,Point,"[-121.036, 35.6431667, 8.291]",946
0,2.77,"13km NE of Lake Arrowhead, CA",639310960440,1454627661060,,https://earthquake.usgs.gov/earthquakes/eventpage/ci1056665,https://earthquake.usgs.gov/fdsnws/event/1/query?eventid=ci1056665&format=geojson,,,,,reviewed,0,118,ci,1056665,",ci1056665,",",ci,",",origin,phase-data,",0,,0.094,28.5,ml,earthquake,"M 2.8 - 13km NE of Lake Arrowhead, CA",947,Point,"[-117.093, 34.329, 4.067]",947
0,3.4,California-Nevada border region,639310554380,1415321166467,,https://earthquake.usgs.gov/earthquakes/eventpage/usp00047g2,https://earthquake.usgs.gov/fdsnws/event/1/query?eventid=usp00047g2&format=geojson,,,,,reviewed,0,178,us,p00047g2,",usp00047g2,",",us,",",impact-text,origin,phase-data,",,,0.1,,ml,earthquake,M 3.4 - California-Nevada border region,948,Point,"[-118.35, 38.443, 5]",948
0,2.23,"5km SSE of Big Bear Lake, CA",639301031140,1454629726260,,https://earthquake.usgs.gov/earthquakes/eventpage/ci1056656,https://earthquake.usgs.gov/fdsnws/event/1/query?eventid=ci1056656&format=geojson,,,,,reviewed,0,77,ci,1056656,",ci1056656,",",ci,",",origin,phase-data,",0,,0.048,101,mc,earthquake,"M 2.2 - 5km SSE of Big Bear Lake, CA",949,Point,"[-116.893, 34.198, 9.903]",949
0,2.42,"4 km ESE of Interlaken, California",639300685760,1481945183190,,https://earthquake.usgs.gov/earthquakes/eventpage/nc155273,https://earthquake.usgs.gov/fdsnws/event/1/query?eventid=nc155273&format=geojson,,,,,reviewed,0,90,nc,155273,",nc155273,",",nc,",",focal-mechanism,nearby-cities,origin,phase-data,",90,0.01622,0.07,55,md,earthquake,"M 2.4 - 4 km ESE of Interlaken, California",950,Point,"[-121.6838333, 36.9393333, 11.371]",950
0,2.89,"50km SSW of San Clemente, CA",639292819790,1454624288430,,https://earthquake.usgs.gov/earthquakes/eventpage/ci678116,https://earthquake.usgs.gov/fdsnws/event/1/query?eventid=ci678116&format=geojson,,,,,reviewed,0,128,ci,678116,",ci678116,",",ci,",",origin,phase-data,",0,,0.228,155.5,ml,earthquake,"M 2.9 - 50km SSW of San Clemente, CA",951,Point,"[-117.867, 33.036, 5.671]",951
0,2.25,"4km ENE of Newport Beach, CA",639291514040,1454623597440,,https://earthquake.usgs.gov/earthquakes/eventpage/ci1056651,https://earthquake.usgs.gov/fdsnws/event/1/query?eventid=ci1056651&format=geojson,,,,,reviewed,0,78,ci,1056651,",ci1056651,",",ci,",",origin,phase-data,",0,,0.05,146.1,mc,earthquake,"M 2.3 - 4km ENE of Newport Beach, CA",952,Point,"[-117.895, 33.634, 2.638]",952
0,2.98,"7 km WSW of Cobb, California",639283529650,1481945103860,,https://earthquake.usgs.gov/earthquakes/eventpage/nc155264,https://earthquake.usgs.gov/fdsnws/event/1/query?eventid=nc155264&format=geojson,,,,,reviewed,0,137,nc,155264,",nc155264,",",nc,",",focal-mechanism,nearby-cities,origin,phase-data,",42,0.01171,0.07,37,md,earthquake,"M 3.0 - 7 km WSW of Cobb, California",953,Point,"[-122.8055, 38.7993333, 1.308]",953
0,2.29,"14km ENE of Little Lake, CA",639283092290,1454633824860,,https://earthquake.usgs.gov/earthquakes/eventpage/ci1056646,https://earthquake.usgs.gov/fdsnws/event/1/query?eventid=ci1056646&format=geojson,,,,,reviewed,0,81,ci,1056646,",ci1056646,",",ci,",",origin,phase-data,",0,,0.09,149.8,mc,earthquake,"M 2.3 - 14km ENE of Little Lake, CA",954,Point,"[-117.758, 35.967, 2.095]",954
0,3.37,"16km N of Indio, CA",639272864130,1454632472400,,https://earthquake.usgs.gov/earthquakes/eventpage/ci1056639,https://earthquake.usgs.gov/fdsnws/event/1/query?eventid=ci1056639&format=geojson,,,,,reviewed,0,175,ci,1056639,",usp00047fj,ci1056639,",",us,ci,",",origin,phase-data,",0,,0.095,64.4,ml,earthquake,"M 3.4 - 16km N of Indio, CA",955,Point,"[-116.195, 33.862, 5.036]",955
0,2.1,"8 km ESE of Willits, California",639271429080,1481945054207,,https://earthquake.usgs.gov/earthquakes/eventpage/nc1174779,https://earthquake.usgs.gov/fdsnws/event/1/query?eventid=nc1174779&format=geojson,,,,,reviewed,0,68,nc,1174779,",nc1174779,",",nc,",",nearby-cities,origin,phase-data,",16,0.1982,0.11,60,md,earthquake,"M 2.1 - 8 km ESE of Willits, California",956,Point,"[-123.2698333, 39.3686667, 1.542]",956
0,2.08,"7 km ESE of Prunedale, California",639268073710,1481945042585,,https://earthquake.usgs.gov/earthquakes/eventpage/nc155256,https://earthquake.usgs.gov/fdsnws/event/1/query?eventid=nc155256&format=geojson,,,,,reviewed,0,67,nc,155256,",nc155256,",",nc,",",nearby-cities,origin,phase-data,",51,0.05315,0.1,58,md,quarry blast,"M 2.1 Quarry Blast - 7 km ESE of Prunedale, California",957,Point,"[-121.5938333, 36.7478333, -0.309]",957
0,2.47,"13 km E of Hidden Valley Lake, California",639266288170,1481945034491,,https://earthquake.usgs.gov/earthquakes/eventpage/nc155253,https://earthquake.usgs.gov/fdsnws/event/1/query?eventid=nc155253&format=geojson,,,,,reviewed,0,94,nc,155253,",nc155253,",",nc,",",nearby-cities,origin,phase-data,",30,0.03874,0.48,57,md,quarry blast,"M 2.5 Quarry Blast - 13 km E of Hidden Valley Lake, California",958,Point,"[-122.4035, 38.8238333, -0.49]",958
0,2.4,"19km NE of Little Lake, CA",639258372760,1454628361430,,https://earthquake.usgs.gov/earthquakes/eventpage/ci1056627,https://earthquake.usgs.gov/fdsnws/event/1/query?eventid=ci1056627&format=geojson,,,,,reviewed,0,89,ci,1056627,",ci1056627,",",ci,",",origin,phase-data,",0,,0.214,200.1,mc,earthquake,"M 2.4 - 19km NE of Little Lake, CA",959,Point,"[-117.728, 36.035, 1.745]",959
0,2.16,"2km N of Claremont, CA",639256836650,1454625642830,,https://earthquake.usgs.gov/earthquakes/eventpage/ci1056623,https://earthquake.usgs.gov/fdsnws/event/1/query?eventid=ci1056623&format=geojson,,,,,reviewed,0,72,ci,1056623,",ci1056623,",",ci,",",origin,phase-data,",0,,0.095,70.5,mc,earthquake,"M 2.2 - 2km N of Claremont, CA",960,Point,"[-117.721, 34.116, 3.183]",960
0,2.26,"16km NNE of Apple Valley, CA",639254603050,1454624954410,,https://earthquake.usgs.gov/earthquakes/eventpage/ci1056620,https://earthquake.usgs.gov/fdsnws/event/1/query?eventid=ci1056620&format=geojson,,,,,reviewed,0,79,ci,1056620,",ci1056620,",",ci,",",origin,phase-data,",0,,0.042,145.2,mc,quarry blast,"M 2.3 Quarry Blast - 16km NNE of Apple Valley, CA",961,Point,"[-117.12, 34.63, -0.884]",961
0,2.14,"12km N of Cabazon, CA",639253110750,1454624287930,,https://earthquake.usgs.gov/earthquakes/eventpage/ci1056619,https://earthquake.usgs.gov/fdsnws/event/1/query?eventid=ci1056619&format=geojson,,,,,reviewed,0,70,ci,1056619,",ci1056619,",",ci,",",origin,phase-data,",0,,0.076,62.6,mc,earthquake,"M 2.1 - 12km N of Cabazon, CA",962,Point,"[-116.78, 34.028, 10.684]",962
0,2.15,"5km NNE of Claremont, CA",639247210500,1454632471920,,https://earthquake.usgs.gov/earthquakes/eventpage/ci1056614,https://earthquake.usgs.gov/fdsnws/event/1/query?eventid=ci1056614&format=geojson,,,,,reviewed,0,71,ci,1056614,",ci1056614,",",ci,",",origin,phase-data,",0,,0.079,82.8,mc,earthquake,"M 2.2 - 5km NNE of Claremont, CA",963,Point,"[-117.703, 34.14, 5.151]",963
0,2.04,"23km ENE of Little Lake, CA",639228567410,1454632471460,,https://earthquake.usgs.gov/earthquakes/eventpage/ci1056611,https://earthquake.usgs.gov/fdsnws/event/1/query?eventid=ci1056611&format=geojson,,,,,reviewed,0,64,ci,1056611,",ci1056611,",",ci,",",origin,phase-data,",0,,0.056,212.7,mc,earthquake,"M 2.0 - 23km ENE of Little Lake, CA",964,Point,"[-117.693, 36.045, -0.142]",964
0,2.33,"42km WSW of Shoshone, CA",639209866410,1454629723920,,https://earthquake.usgs.gov/earthquakes/eventpage/ci1056605,https://earthquake.usgs.gov/fdsnws/event/1/query?eventid=ci1056605&format=geojson,,,,,reviewed,0,84,ci,1056605,",ci1056605,",",ci,",",origin,phase-data,",0,,0.22,235.4,mc,earthquake,"M 2.3 - 42km WSW of Shoshone, CA",965,Point,"[-116.732, 35.901, 5.228]",965
0,2.36,"17km N of Grapevine, CA",639209420740,1454626309960,,https://earthquake.usgs.gov/earthquakes/eventpage/ci1056604,https://earthquake.usgs.gov/fdsnws/event/1/query?eventid=ci1056604&format=geojson,,,,,reviewed,0,86,ci,1056604,",ci1056604,",",ci,",",origin,phase-data,",0,,0.174,91.4,mc,earthquake,"M 2.4 - 17km N of Grapevine, CA",966,Point,"[-118.963, 35.09, 25.129]",966
0,2.15,"21km NE of Little Lake, CA",639200550720,1454632470040,,https://earthquake.usgs.gov/earthquakes/eventpage/ci1056588,https://earthquake.usgs.gov/fdsnws/event/1/query?eventid=ci1056588&format=geojson,,,,,reviewed,0,71,ci,1056588,",ci1056588,",",ci,",",origin,phase-data,",0,,0.059,210.9,mc,earthquake,"M 2.2 - 21km NE of Little Lake, CA",967,Point,"[-117.718, 36.042, 0.965]",967
0,2.22,"13km NE of Lake Arrowhead, CA",639197265490,1454626971820,,https://earthquake.usgs.gov/earthquakes/eventpage/ci1056586,https://earthquake.usgs.gov/fdsnws/event/1/query?eventid=ci1056586&format=geojson,,,,,reviewed,0,76,ci,1056586,",ci1056586,",",ci,",",origin,phase-data,",0,,0.094,44.6,mc,earthquake,"M 2.2 - 13km NE of Lake Arrowhead, CA",968,Point,"[-117.092, 34.328, 4.017]",968
0,3.97,"13km NE of Lake Arrowhead, CA",639195219830,1454625641320,,https://earthquake.usgs.gov/earthquakes/eventpage/ci1056583,https://earthquake.usgs.gov/fdsnws/event/1/query?eventid=ci1056583&format=geojson,,,,,reviewed,0,242,ci,1056583,",usp00047ea,ci1056583,",",us,ci,",",impact-text,origin,phase-data,",0,,0.103,27.9,ml,earthquake,"M 4.0 - 13km NE of Lake Arrowhead, CA",969,Point,"[-117.089, 34.326, 4.087]",969
0,2.18,"11 km SW of Aspen Springs, California",639190413760,1481944856460,,https://earthquake.usgs.gov/earthquakes/eventpage/nc155190,https://earthquake.usgs.gov/fdsnws/event/1/query?eventid=nc155190&format=geojson,,,,,reviewed,0,73,nc,155190,",nc155190,ci678033,",",nc,ci,",",focal-mechanism,nearby-cities,origin,phase-data,",37,0.05766,0.04,127,md,earthquake,"M 2.2 - 11 km SW of Aspen Springs, California",970,Point,"[-118.8095, 37.4808333, 6.327]",970
0,2.2,"15 km E of Hidden Valley Lake, California",639179799520,1481944792471,,https://earthquake.usgs.gov/earthquakes/eventpage/nc158933,https://earthquake.usgs.gov/fdsnws/event/1/query?eventid=nc158933&format=geojson,,,,,reviewed,0,74,nc,158933,",nc158933,",",nc,",",nearby-cities,origin,phase-data,",7,0.05766,0.16,128,md,quarry blast,"M 2.2 Quarry Blast - 15 km E of Hidden Valley Lake, California",971,Point,"[-122.3786667, 38.8268333, -0.436]",971
0,2.15,"5 km SW of Cobb, California",639179144960,1481944787280,,https://earthquake.usgs.gov/earthquakes/eventpage/nc158932,https://earthquake.usgs.gov/fdsnws/event/1/query?eventid=nc158932&format=geojson,,,,,reviewed,0,71,nc,158932,",nc158932,",",nc,",",focal-mechanism,nearby-cities,origin,phase-data,",32,0.02703,0.06,41,md,earthquake,"M 2.2 - 5 km SW of Cobb, California",972,Point,"[-122.7736667, 38.7861667, 2.081]",972
0,2.08,"9 km W of Cobb, California",639177383890,1481944765823,,https://earthquake.usgs.gov/earthquakes/eventpage/nc159001,https://earthquake.usgs.gov/fdsnws/event/1/query?eventid=nc159001&format=geojson,,,,,reviewed,0,67,nc,159001,",nc159001,",",nc,",",nearby-cities,origin,phase-data,",14,0.03063,0.05,53,md,earthquake,"M 2.1 - 9 km W of Cobb, California",973,Point,"[-122.8283333, 38.8235, 0.709]",973
0,2.7,"5 km W of Cobb, California",639177205140,1481944758432,,https://earthquake.usgs.gov/earthquakes/eventpage/nc159058,https://earthquake.usgs.gov/fdsnws/event/1/query?eventid=nc159058&format=geojson,,,,,reviewed,0,112,nc,159058,",nc159058,",",nc,",",nearby-cities,origin,phase-data,",18,0.01171,0.06,74,md,earthquake,"M 2.7 - 5 km W of Cobb, California",974,Point,"[-122.7833333, 38.8153333, -0.919]",974
0,3.6,"6 km W of Cobb, California",639177133840,1481944753290,,https://earthquake.usgs.gov/earthquakes/eventpage/nc159000,https://earthquake.usgs.gov/fdsnws/event/1/query?eventid=nc159000&format=geojson,,,,,reviewed,0,199,nc,159000,",nc159000,usp00047e2,",",nc,us,",",focal-mechanism,impact-text,nearby-cities,origin,phase-data,",45,0.01982,0.03,53,ml,earthquake,"M 3.6 - 6 km W of Cobb, California",975,Point,"[-122.7953333, 38.828, 1.001]",975
0,2.53,"6 km W of Cobb, California",639176826020,1481944740310,,https://earthquake.usgs.gov/earthquakes/eventpage/nc158999,https://earthquake.usgs.gov/fdsnws/event/1/query?eventid=nc158999&format=geojson,,,,,reviewed,0,98,nc,158999,",nc158999,",",nc,",",focal-mechanism,nearby-cities,origin,phase-data,",31,0.02072,0.03,53,md,earthquake,"M 2.5 - 6 km W of Cobb, California",976,Point,"[-122.7956667, 38.8288333, 0.821]",976
0,2.04,"2 km SW of San Juan Bautista, California",639167857860,1481944712900,,https://earthquake.usgs.gov/earthquakes/eventpage/nc158996,https://earthquake.usgs.gov/fdsnws/event/1/query?eventid=nc158996&format=geojson,,,,,reviewed,0,64,nc,158996,",nc158996,",",nc,",",focal-mechanism,nearby-cities,origin,phase-data,",55,0.02252,0.06,31,md,earthquake,"M 2.0 - 2 km SW of San Juan Bautista, California",977,Point,"[-121.5605, 36.8286667, 7.944]",977
0,2.36,"10km ENE of Joshua Tree, CA",639158926450,1454626971280,,https://earthquake.usgs.gov/earthquakes/eventpage/ci1056547,https://earthquake.usgs.gov/fdsnws/event/1/query?eventid=ci1056547&format=geojson,,,,,reviewed,0,86,ci,1056547,",ci1056547,",",ci,",",origin,phase-data,",0,,0.064,121.8,mc,earthquake,"M 2.4 - 10km ENE of Joshua Tree, CA",978,Point,"[-116.213, 34.172, 8.333]",978
0,2.83,"22km ENE of Little Lake, CA",639144065540,1454623595830,,https://earthquake.usgs.gov/earthquakes/eventpage/ci1056539,https://earthquake.usgs.gov/fdsnws/event/1/query?eventid=ci1056539&format=geojson,,,,,reviewed,0,123,ci,1056539,",ci1056539,",",ci,",",origin,phase-data,",0,,0.069,184.5,mc,earthquake,"M 2.8 - 22km ENE of Little Lake, CA",979,Point,"[-117.7, 36.042, -0.155]",979
0,2.33,"24 km NE of Greenfield, California",639143156360,1481944636230,,https://earthquake.usgs.gov/earthquakes/eventpage/nc158925,https://earthquake.usgs.gov/fdsnws/event/1/query?eventid=nc158925&format=geojson,,,,,reviewed,0,84,nc,158925,",nc158925,ci1056537,",",nc,ci,",",focal-mechanism,nearby-cities,origin,phase-data,",58,0.03514,0.05,56,md,earthquake,"M 2.3 - 24 km NE of Greenfield, California",980,Point,"[-121.0555, 36.4783333, 7.194]",980
0,2.1,"4km NNE of Claremont, CA",639138947850,1454624287380,,https://earthquake.usgs.gov/earthquakes/eventpage/ci1056533,https://earthquake.usgs.gov/fdsnws/event/1/query?eventid=ci1056533&format=geojson,,,,,reviewed,0,68,ci,1056533,",ci1056533,",",ci,",",origin,phase-data,",0,,0.1,51.2,mc,earthquake,"M 2.1 - 4km NNE of Claremont, CA",981,Point,"[-117.693, 34.131, 2.911]",981
0,2.83,"5 km WNW of San Juan Bautista, California",639136905320,1481944616590,,https://earthquake.usgs.gov/earthquakes/eventpage/nc158881,https://earthquake.usgs.gov/fdsnws/event/1/query?eventid=nc158881&format=geojson,,,,,reviewed,0,123,nc,158881,",nc158881,usp00047dm,",",nc,us,",",focal-mechanism,nearby-cities,origin,phase-data,",87,0.02523,0.08,49,md,earthquake,"M 2.8 - 5 km WNW of San Juan Bautista, California",982,Point,"[-121.5943333, 36.8591667, 7.279]",982
0,2.41,"12km S of Las Flores, CA",639134280160,1454625640700,,https://earthquake.usgs.gov/earthquakes/eventpage/ci1056530,https://earthquake.usgs.gov/fdsnws/event/1/query?eventid=ci1056530&format=geojson,,,,,reviewed,0,89,ci,1056530,",ci1056530,",",ci,",",origin,phase-data,",0,,0.06,76.8,mc,earthquake,"M 2.4 - 12km S of Las Flores, CA",983,Point,"[-118.649, 33.934, 14.514]",983
0,2.46,"11km SSE of Malibu Beach, CA",639133859410,1454623595330,,https://earthquake.usgs.gov/earthquakes/eventpage/ci1056529,https://earthquake.usgs.gov/fdsnws/event/1/query?eventid=ci1056529&format=geojson,,,,,reviewed,0,93,ci,1056529,",ci1056529,",",ci,",",origin,phase-data,",0,,0.073,126.6,mc,earthquake,"M 2.5 - 11km SSE of Malibu Beach, CA",984,Point,"[-118.651, 33.939, 14.244]",984
0,2.05,"21 km E of Tres Pinos, California",639126891640,1481944592050,,https://earthquake.usgs.gov/earthquakes/eventpage/nc158961,https://earthquake.usgs.gov/fdsnws/event/1/query?eventid=nc158961&format=geojson,,,,,reviewed,0,65,nc,158961,",nc158961,",",nc,",",focal-mechanism,nearby-cities,origin,phase-data,",59,0.1,0.07,84,md,earthquake,"M 2.1 - 21 km E of Tres Pinos, California",985,Point,"[-121.0885, 36.8256667, 3.636]",985
0,2.54,"16km N of Indio, CA",639121791610,1454631100810,,https://earthquake.usgs.gov/earthquakes/eventpage/ci1056523,https://earthquake.usgs.gov/fdsnws/event/1/query?eventid=ci1056523&format=geojson,,,,,reviewed,0,99,ci,1056523,",ci1056523,",",ci,",",origin,phase-data,",0,,0.077,118.8,mc,earthquake,"M 2.5 - 16km N of Indio, CA",986,Point,"[-116.187, 33.864, 4.906]",986
0,2.11,"22 km WNW of Big Sur, California",639099526070,1481944517010,,https://earthquake.usgs.gov/earthquakes/eventpage/nc158944,https://earthquake.usgs.gov/fdsnws/event/1/query?eventid=nc158944&format=geojson,,,,,reviewed,0,68,nc,158944,",nc158944,",",nc,",",focal-mechanism,nearby-cities,origin,phase-data,",38,0.2432,0.17,222,md,earthquake,"M 2.1 - 22 km WNW of Big Sur, California",987,Point,"[-122.0265, 36.3601667, 11.253]",987
0,2.16,"4km NNE of Claremont, CA",639099023350,1454624286530,,https://earthquake.usgs.gov/earthquakes/eventpage/ci1056511,https://earthquake.usgs.gov/fdsnws/event/1/query?eventid=ci1056511&format=geojson,,,,,reviewed,0,72,ci,1056511,",ci1056511,",",ci,",",origin,phase-data,",0,,0.067,85.8,mc,earthquake,"M 2.2 - 4km NNE of Claremont, CA",988,Point,"[-117.7, 34.134, 4.401]",988
0,2.56,"18 km ENE of Potter Valley, California",639089040510,1481944482190,,https://earthquake.usgs.gov/earthquakes/eventpage/nc158940,https://earthquake.usgs.gov/fdsnws/event/1/query?eventid=nc158940&format=geojson,,,,,reviewed,0,101,nc,158940,",nc158940,",",nc,",",focal-mechanism,nearby-cities,origin,phase-data,",34,0.1333,0.12,70,md,earthquake,"M 2.6 - 18 km ENE of Potter Valley, California",989,Point,"[-122.9031667, 39.364, 7.229]",989
0,2.21,"3 km S of Loyola, California",639078942250,1481944456663,,https://earthquake.usgs.gov/earthquakes/eventpage/nc1174707,https://earthquake.usgs.gov/fdsnws/event/1/query?eventid=nc1174707&format=geojson,,,,,reviewed,0,75,nc,1174707,",nc1174707,",",nc,",",nearby-cities,origin,phase-data,",8,0.01171,0.05,117,md,quarry blast,"M 2.2 Quarry Blast - 3 km S of Loyola, California",990,Point,"[-122.0971667, 37.3228333, -0.168]",990
0,2.16,"10km NNE of Sunland, CA",639069394710,1454626970360,,https://earthquake.usgs.gov/earthquakes/eventpage/ci1056489,https://earthquake.usgs.gov/fdsnws/event/1/query?eventid=ci1056489&format=geojson,,,,,reviewed,0,72,ci,1056489,",ci1056489,",",ci,",",origin,phase-data,",0,,0.083,113.7,mc,earthquake,"M 2.2 - 10km NNE of Sunland, CA",991,Point,"[-118.267, 34.342, 3.893]",991
0,2.03,"9km N of Victorville, CA",639068753430,1454626969900,,https://earthquake.usgs.gov/earthquakes/eventpage/ci1056488,https://earthquake.usgs.gov/fdsnws/event/1/query?eventid=ci1056488&format=geojson,,,,,reviewed,0,63,ci,1056488,",ci1056488,",",ci,",",origin,phase-data,",0,,0.347,81.7,mc,quarry blast,"M 2.0 Quarry Blast - 9km N of Victorville, CA",992,Point,"[-117.3, 34.62, -0.974]",992
0,2.15,"5 km E of Mammoth Lakes, California",639064863060,1481944415670,,https://earthquake.usgs.gov/earthquakes/eventpage/nc1174697,https://earthquake.usgs.gov/fdsnws/event/1/query?eventid=nc1174697&format=geojson,,,,,reviewed,0,71,nc,1174697,",nc1174697,ci677943,",",nc,ci,",",nearby-cities,origin,phase-data,",28,0.003604,0.04,67,md,earthquake,"M 2.2 - 5 km E of Mammoth Lakes, California",993,Point,"[-118.9098333, 37.6538333, 2.146]",993
0,2.33,"21km ENE of Little Lake, CA",639062564050,1454629024260,,https://earthquake.usgs.gov/earthquakes/eventpage/ci1056473,https://earthquake.usgs.gov/fdsnws/event/1/query?eventid=ci1056473&format=geojson,,,,,reviewed,0,84,ci,1056473,",ci1056473,",",ci,",",origin,phase-data,",0,,0.074,206.4,mc,earthquake,"M 2.3 - 21km ENE of Little Lake, CA",994,Point,"[-117.707, 36.037, -0.155]",994
0,2.19,"21km ENE of Little Lake, CA",639061268910,1454623592930,,https://earthquake.usgs.gov/earthquakes/eventpage/ci1056471,https://earthquake.usgs.gov/fdsnws/event/1/query?eventid=ci1056471&format=geojson,,,,,reviewed,0,74,ci,1056471,",ci1056471,",",ci,",",origin,phase-data,",0,,0.061,205.4,mc,earthquake,"M 2.2 - 21km ENE of Little Lake, CA",995,Point,"[-117.709, 36.036, 0.605]",995
0,2.06,"7km N of Claremont, CA",639059242730,1454624950930,,https://earthquake.usgs.gov/earthquakes/eventpage/ci1056470,https://earthquake.usgs.gov/fdsnws/event/1/query?eventid=ci1056470&format=geojson,,,,,reviewed,0,65,ci,1056470,",ci1056470,",",ci,",",origin,phase-data,",0,,0.099,73.7,mc,earthquake,"M 2.1 - 7km N of Claremont, CA",996,Point,"[-117.71, 34.159, 1.371]",996
0,2.99,"16km N of Indio, CA",639058382380,1454632467770,,https://earthquake.usgs.gov/earthquakes/eventpage/ci1056468,https://earthquake.usgs.gov/fdsnws/event/1/query?eventid=ci1056468&format=geojson,,,,,reviewed,0,138,ci,1056468,",ci1056468,",",ci,",",origin,phase-data,",0,,0.131,66,mc,earthquake,"M 3.0 - 16km N of Indio, CA",997,Point,"[-116.185, 33.864, 1.316]",997
0,2,"15km N of Indio, CA",639058381620,1454624950430,,https://earthquake.usgs.gov/earthquakes/eventpage/ci141389,https://earthquake.usgs.gov/fdsnws/event/1/query?eventid=ci141389&format=geojson,,,,,reviewed,0,62,ci,141389,",ci141389,",",ci,",",origin,phase-data,",0,,0.067,63.7,mh,earthquake,"M 2.0 - 15km N of Indio, CA",998,Point,"[-116.2, 33.858, 5.226]",998
0,2.03,"5 km E of Mammoth Lakes, California",639057793750,1481944381308,,https://earthquake.usgs.gov/earthquakes/eventpage/nc1174688,https://earthquake.usgs.gov/fdsnws/event/1/query?eventid=nc1174688&format=geojson,,,,,reviewed,0,63,nc,1174688,",nc1174688,ci1056466,",",nc,ci,",",nearby-cities,origin,phase-data,",24,0.007207,0.06,50,md,earthquake,"M 2.0 - 5 km E of Mammoth Lakes, California",999,Point,"[-118.9108333, 37.6483333, 2.688]",999
0,2.09,"2km NNW of Claremont, CA",639054468860,1454623592030,,https://earthquake.usgs.gov/earthquakes/eventpage/ci1056465,https://earthquake.usgs.gov/fdsnws/event/1/query?eventid=ci1056465&format=geojson,,,,,reviewed,0,67,ci,1056465,",ci1056465,",",ci,",",origin,phase-data,",0,,0.098,85.6,mc,earthquake,"M 2.1 - 2km NNW of Claremont, CA",1000,Point,"[-117.732, 34.115, 3.243]",1000
0,2.08,"5km NNE of Claremont, CA",639049465270,1454630423860,,https://earthquake.usgs.gov/earthquakes/eventpage/ci1056463,https://earthquake.usgs.gov/fdsnws/event/1/query?eventid=ci1056463&format=geojson,,,,,reviewed,0,67,ci,1056463,",ci1056463,",",ci,",",origin,phase-data,",0,,0.057,85,mc,earthquake,"M 2.1 - 5km NNE of Claremont, CA",1001,Point,"[-117.7, 34.136, 4.471]",1001
0,2.29,"15 km NNE of Princeton, California",639036972030,1481944333332,,https://earthquake.usgs.gov/earthquakes/eventpage/nc1174681,https://earthquake.usgs.gov/fdsnws/event/1/query?eventid=nc1174681&format=geojson,,,,,reviewed,0,81,nc,1174681,",nc1174681,",",nc,",",nearby-cities,origin,phase-data,",9,0.2775,0.09,161,md,earthquake,"M 2.3 - 15 km NNE of Princeton, California",1002,Point,"[-121.9471667, 39.538, 15.782]",1002
0,2.43,"2km S of San Dimas, CA",639027745910,1454633124540,,https://earthquake.usgs.gov/earthquakes/eventpage/ci1056459,https://earthquake.usgs.gov/fdsnws/event/1/query?eventid=ci1056459&format=geojson,,,,,reviewed,0,91,ci,1056459,",ci1056459,",",ci,",",origin,phase-data,",0,,0.108,71.8,mc,earthquake,"M 2.4 - 2km S of San Dimas, CA",1003,Point,"[-117.806, 34.085, 13.737]",1003
0,2.01,"7km NNE of Fontana, CA",639002140410,1454626306760,,https://earthquake.usgs.gov/earthquakes/eventpage/ci1056444,https://earthquake.usgs.gov/fdsnws/event/1/query?eventid=ci1056444&format=geojson,,,,,reviewed,0,62,ci,1056444,",ci1056444,",",ci,",",origin,phase-data,",0,,0.079,94.3,mc,earthquake,"M 2.0 - 7km NNE of Fontana, CA",1004,Point,"[-117.422, 34.15, 11.446]",1004
0,2.53,"2 km W of San Juan Bautista, California",638989510870,1481944224320,,https://earthquake.usgs.gov/earthquakes/eventpage/nc155399,https://earthquake.usgs.gov/fdsnws/event/1/query?eventid=nc155399&format=geojson,,,,,reviewed,0,98,nc,155399,",nc155399,",",nc,",",focal-mechanism,nearby-cities,origin,phase-data,",78,0.01532,0.18,33,md,earthquake,"M 2.5 - 2 km W of San Juan Bautista, California",1005,Point,"[-121.5703333, 36.8486667, 2.904]",1005
0,2.56,"14 km N of Morgan Hill, California",638977942430,1481944142710,,https://earthquake.usgs.gov/earthquakes/eventpage/nc155395,https://earthquake.usgs.gov/fdsnws/event/1/query?eventid=nc155395&format=geojson,,,,,reviewed,0,101,nc,155395,",nc155395,usp00047b9,",",nc,us,",",focal-mechanism,nearby-cities,origin,phase-data,",92,0.02613,0.04,74,md,earthquake,"M 2.6 - 14 km N of Morgan Hill, California",1006,Point,"[-121.6423333, 37.261, 6.248]",1006
0,2.52,"2 km SW of San Juan Bautista, California",638969884290,1481944073840,,https://earthquake.usgs.gov/earthquakes/eventpage/nc155388,https://earthquake.usgs.gov/fdsnws/event/1/query?eventid=nc155388&format=geojson,,,,,reviewed,0,98,nc,155388,",nc155388,usp00047b3,",",nc,us,",",focal-mechanism,nearby-cities,origin,phase-data,",79,0.02523,0.1,29,md,earthquake,"M 2.5 - 2 km SW of San Juan Bautista, California",1007,Point,"[-121.5598333, 36.8258333, 7.954]",1007
0,2.09,"4km NNE of Claremont, CA",638954977130,1454629720310,,https://earthquake.usgs.gov/earthquakes/eventpage/ci1056428,https://earthquake.usgs.gov/fdsnws/event/1/query?eventid=ci1056428&format=geojson,,,,,reviewed,0,67,ci,1056428,",ci1056428,",",ci,",",origin,phase-data,",0,,0.093,85.8,mc,earthquake,"M 2.1 - 4km NNE of Claremont, CA",1008,Point,"[-117.708, 34.13, 6.413]",1008
0,2,"13km NW of Furnace Creek, CA",638954785870,1454631099890,,https://earthquake.usgs.gov/earthquakes/eventpage/ci1056426,https://earthquake.usgs.gov/fdsnws/event/1/query?eventid=ci1056426&format=geojson,,,,,reviewed,0,62,ci,1056426,",ci1056426,",",ci,",",origin,phase-data,",0,,0.195,293.8,mc,earthquake,"M 2.0 - 13km NW of Furnace Creek, CA",1009,Point,"[-116.958, 36.534, 4.859]",1009
0,2.02,"7 km NE of Lockwood, California",638953295620,1481944017020,,https://earthquake.usgs.gov/earthquakes/eventpage/nc155086,https://earthquake.usgs.gov/fdsnws/event/1/query?eventid=nc155086&format=geojson,,,,,reviewed,0,63,nc,155086,",nc155086,",",nc,",",focal-mechanism,nearby-cities,origin,phase-data,",34,0.1144,0.1,62,md,earthquake,"M 2.0 - 7 km NE of Lockwood, California",1010,Point,"[-121.0201667, 35.9816667, 8.385]",1010
0,2.04,"6 km W of Cobb, California",638945642600,1481943985942,,https://earthquake.usgs.gov/earthquakes/eventpage/nc155084,https://earthquake.usgs.gov/fdsnws/event/1/query?eventid=nc155084&format=geojson,,,,,reviewed,0,64,nc,155084,",nc155084,",",nc,",",nearby-cities,origin,phase-data,",22,0.02252,0.06,51,md,earthquake,"M 2.0 - 6 km W of Cobb, California",1011,Point,"[-122.8025, 38.8296667, 0.441]",1011
0,2,"1km N of Claremont, CA",638943358420,1454631796590,,https://earthquake.usgs.gov/earthquakes/eventpage/ci1056423,https://earthquake.usgs.gov/fdsnws/event/1/query?eventid=ci1056423&format=geojson,,,,,reviewed,0,62,ci,1056423,",ci1056423,",",ci,",",origin,phase-data,",0,,0.088,75.1,mc,earthquake,"M 2.0 - 1km N of Claremont, CA",1012,Point,"[-117.719, 34.108, 3.093]",1012
0,2.1,"5 km SSW of Tres Pinos, California",638933320500,1481943962200,,https://earthquake.usgs.gov/earthquakes/eventpage/nc155078,https://earthquake.usgs.gov/fdsnws/event/1/query?eventid=nc155078&format=geojson,,,,,reviewed,0,68,nc,155078,",nc155078,",",nc,",",focal-mechanism,nearby-cities,origin,phase-data,",42,0.02613,0.09,37,md,earthquake,"M 2.1 - 5 km SSW of Tres Pinos, California",1013,Point,"[-121.3535, 36.7508333, 7.715]",1013
0,2.43,"10km ENE of Joshua Tree, CA",638930908900,1454623590030,,https://earthquake.usgs.gov/earthquakes/eventpage/ci141386,https://earthquake.usgs.gov/fdsnws/event/1/query?eventid=ci141386&format=geojson,,,,,reviewed,0,91,ci,141386,",ci141386,",",ci,",",origin,phase-data,",0,,0.068,120.2,mc,earthquake,"M 2.4 - 10km ENE of Joshua Tree, CA",1014,Point,"[-116.211, 34.175, 8.323]",1014
0,2.45,"9km E of Moreno Valley, CA",638928503810,1454629022760,,https://earthquake.usgs.gov/earthquakes/eventpage/ci1056419,https://earthquake.usgs.gov/fdsnws/event/1/query?eventid=ci1056419&format=geojson,,,,,reviewed,0,92,ci,1056419,",ci1056419,",",ci,",",origin,phase-data,",0,,0.068,40.7,ml,earthquake,"M 2.5 - 9km E of Moreno Valley, CA",1015,Point,"[-117.129, 33.918, 16.882]",1015
0,2.86,"22km SSW of Little Lake, CA",638925754800,1454624948730,,https://earthquake.usgs.gov/earthquakes/eventpage/ci1056418,https://earthquake.usgs.gov/fdsnws/event/1/query?eventid=ci1056418&format=geojson,,,,,reviewed,0,126,ci,1056418,",ci1056418,",",ci,",",origin,phase-data,",0,,0.063,61.9,mc,earthquake,"M 2.9 - 22km SSW of Little Lake, CA",1016,Point,"[-118.021, 35.763, 4.072]",1016
0,2.24,"3 km SSW of Cobb, California",638915671420,1481943902520,,https://earthquake.usgs.gov/earthquakes/eventpage/nc155149,https://earthquake.usgs.gov/fdsnws/event/1/query?eventid=nc155149&format=geojson,,,,,reviewed,0,77,nc,155149,",nc155149,",",nc,",",focal-mechanism,nearby-cities,origin,phase-data,",29,0.03153,0.08,46,md,earthquake,"M 2.2 - 3 km SSW of Cobb, California",1017,Point,"[-122.746, 38.7948333, 0.831]",1017
0,2.66,"14km NE of Thermal, CA",638914343450,1454626967250,,https://earthquake.usgs.gov/earthquakes/eventpage/ci1056414,https://earthquake.usgs.gov/fdsnws/event/1/query?eventid=ci1056414&format=geojson,,,,,reviewed,0,109,ci,1056414,",ci1056414,",",ci,",",origin,phase-data,",0,,0.072,80.9,mc,earthquake,"M 2.7 - 14km NE of Thermal, CA",1018,Point,"[-116.03, 33.733, 9.976]",1018
0,3.09,"23 km NE of San Ardo, California",638890138850,1481943812450,,https://earthquake.usgs.gov/earthquakes/eventpage/nc155137,https://earthquake.usgs.gov/fdsnws/event/1/query?eventid=nc155137&format=geojson,,,,,reviewed,0,147,nc,155137,",nc155137,ci1056405,usp000479x,",",nc,ci,us,",",focal-mechanism,nearby-cities,origin,phase-data,",73,0.06396,0.08,53,md,earthquake,"M 3.1 - 23 km NE of San Ardo, California",1019,Point,"[-120.7285, 36.1735, 8.487]",1019
0,2.02,"8 km W of Cobb, California",638877166900,1481943768863,,https://earthquake.usgs.gov/earthquakes/eventpage/nc155065,https://earthquake.usgs.gov/fdsnws/event/1/query?eventid=nc155065&format=geojson,,,,,reviewed,0,63,nc,155065,",nc155065,",",nc,",",nearby-cities,origin,phase-data,",21,0.02432,0.05,48,md,earthquake,"M 2.0 - 8 km W of Cobb, California",1020,Point,"[-122.816, 38.826, -0.571]",1020
0,2.38,"3km SSE of Rolling Hills, CA",638865947830,1454625637500,,https://earthquake.usgs.gov/earthquakes/eventpage/ci1056396,https://earthquake.usgs.gov/fdsnws/event/1/query?eventid=ci1056396&format=geojson,,,,,reviewed,0,87,ci,1056396,",ci1056396,",",ci,",",origin,phase-data,",0,,0.056,99.1,mc,earthquake,"M 2.4 - 3km SSE of Rolling Hills, CA",1021,Point,"[-118.341, 33.729, 5.585]",1021
0,2.01,"4 km WSW of Cobb, California",638857214960,1481943682517,,https://earthquake.usgs.gov/earthquakes/eventpage/nc155128,https://earthquake.usgs.gov/fdsnws/event/1/query?eventid=nc155128&format=geojson,,,,,reviewed,0,62,nc,155128,",nc155128,",",nc,",",nearby-cities,origin,phase-data,",21,0.01622,0.03,56,md,earthquake,"M 2.0 - 4 km WSW of Cobb, California",1022,Point,"[-122.7748333, 38.8125, 0.601]",1022
0,2.13,"5km N of Claremont, CA",638843060690,1454631793820,,https://earthquake.usgs.gov/earthquakes/eventpage/ci1056387,https://earthquake.usgs.gov/fdsnws/event/1/query?eventid=ci1056387&format=geojson,,,,,reviewed,0,70,ci,1056387,",ci1056387,",",ci,",",origin,phase-data,",0,,0.042,146.2,mc,earthquake,"M 2.1 - 5km N of Claremont, CA",1023,Point,"[-117.713, 34.138, 8.876]",1023
0,2.48,"14 km ENE of Hidden Valley Lake, California",638837645780,1481943610859,,https://earthquake.usgs.gov/earthquakes/eventpage/nc155125,https://earthquake.usgs.gov/fdsnws/event/1/query?eventid=nc155125&format=geojson,,,,,reviewed,0,95,nc,155125,",nc155125,",",nc,",",nearby-cities,origin,phase-data,",24,0.05405,0.45,57,md,quarry blast,"M 2.5 Quarry Blast - 14 km ENE of Hidden Valley Lake, California",1024,Point,"[-122.3923333, 38.838, -0.434]",1024
0,2.05,"4km SSE of Home Gardens, CA",638827534270,1454627655570,,https://earthquake.usgs.gov/earthquakes/eventpage/ci1056384,https://earthquake.usgs.gov/fdsnws/event/1/query?eventid=ci1056384&format=geojson,,,,,reviewed,0,65,ci,1056384,",ci1056384,",",ci,",",origin,phase-data,",0,,0.173,152.7,mc,quarry blast,"M 2.1 Quarry Blast - 4km SSE of Home Gardens, CA",1025,Point,"[-117.5, 33.85, -0.473]",1025
0,2.12,"2km N of Claremont, CA",638803538090,1454625636240,,https://earthquake.usgs.gov/earthquakes/eventpage/ci1056369,https://earthquake.usgs.gov/fdsnws/event/1/query?eventid=ci1056369&format=geojson,,,,,reviewed,0,69,ci,1056369,",ci1056369,",",ci,",",origin,phase-data,",0,,0.092,88.6,mc,earthquake,"M 2.1 - 2km N of Claremont, CA",1026,Point,"[-117.722, 34.116, 3.273]",1026
0,2.44,"12km ENE of Ocotillo Wells, CA",638794582290,1454627654780,,https://earthquake.usgs.gov/earthquakes/eventpage/ci1056365,https://earthquake.usgs.gov/fdsnws/event/1/query?eventid=ci1056365&format=geojson,,,,,reviewed,0,92,ci,1056365,",ci1056365,",",ci,",",origin,phase-data,",0,,0.127,42.8,mc,earthquake,"M 2.4 - 12km ENE of Ocotillo Wells, CA",1027,Point,"[-116.012, 33.195, 5.409]",1027
0,2.48,"10km ENE of Joshua Tree, CA",638790459820,1454631792840,,https://earthquake.usgs.gov/earthquakes/eventpage/ci1056361,https://earthquake.usgs.gov/fdsnws/event/1/query?eventid=ci1056361&format=geojson,,,,,reviewed,0,95,ci,1056361,",ci1056361,",",ci,",",origin,phase-data,",0,,0.059,120,mc,earthquake,"M 2.5 - 10km ENE of Joshua Tree, CA",1028,Point,"[-116.213, 34.174, 8.433]",1028
0,2.19,"10km ENE of Joshua Tree, CA",638788404700,1454628358440,,https://earthquake.usgs.gov/earthquakes/eventpage/ci1056359,https://earthquake.usgs.gov/fdsnws/event/1/query?eventid=ci1056359&format=geojson,,,,,reviewed,0,74,ci,1056359,",ci1056359,",",ci,",",origin,phase-data,",0,,0.064,120.1,mc,earthquake,"M 2.2 - 10km ENE of Joshua Tree, CA",1029,Point,"[-116.211, 34.174, 8.293]",1029
0,2.02,"2 km E of Mammoth Lakes, California",638781871710,1481943285830,,https://earthquake.usgs.gov/earthquakes/eventpage/nc155368,https://earthquake.usgs.gov/fdsnws/event/1/query?eventid=nc155368&format=geojson,,,,,reviewed,0,63,nc,155368,",nc155368,",",nc,",",focal-mechanism,nearby-cities,origin,phase-data,",38,0.01982,0.06,55,md,earthquake,"M 2.0 - 2 km E of Mammoth Lakes, California",1030,Point,"[-118.9396667, 37.6466667, 3.12]",1030
0,3,"18 km ENE of Angwin, California",638775865670,1481943223210,,https://earthquake.usgs.gov/earthquakes/eventpage/nc155002,https://earthquake.usgs.gov/fdsnws/event/1/query?eventid=nc155002&format=geojson,,,,,reviewed,0,138,nc,155002,",nc155002,usp0004785,",",nc,us,",",focal-mechanism,nearby-cities,origin,phase-data,",48,0.05045,0.38,64,ml,earthquake,"M 3.0 - 18 km ENE of Angwin, California",1031,Point,"[-122.255, 38.651, -0.49]",1031
0,2.08,"7km ENE of Tehachapi, CA",638763439890,1454633121150,,https://earthquake.usgs.gov/earthquakes/eventpage/ci1056349,https://earthquake.usgs.gov/fdsnws/event/1/query?eventid=ci1056349&format=geojson,,,,,reviewed,0,67,ci,1056349,",ci1056349,",",ci,",",origin,phase-data,",0,,0.268,64.6,mc,quarry blast,"M 2.1 Quarry Blast - 7km ENE of Tehachapi, CA",1032,Point,"[-118.38, 35.15, -1.079]",1032
0,2.41,"21km ENE of Little Lake, CA",638758034270,1454633819720,,https://earthquake.usgs.gov/earthquakes/eventpage/ci1056347,https://earthquake.usgs.gov/fdsnws/event/1/query?eventid=ci1056347&format=geojson,,,,,reviewed,0,89,ci,1056347,",ci1056347,",",ci,",",origin,phase-data,",0,,0.065,206.3,mc,earthquake,"M 2.4 - 21km ENE of Little Lake, CA",1033,Point,"[-117.708, 36.037, 0.595]",1033
0,2.07,"13 km NE of Leamington, Utah",638749463330,1535429084600,,https://earthquake.usgs.gov/earthquakes/eventpage/uu50049030,https://earthquake.usgs.gov/fdsnws/event/1/query?eventid=uu50049030&format=geojson,,,,,reviewed,0,66,uu,50049030,",uu50049030,",",uu,",",origin,phase-data,",10,0.2522,0.17,157,md,earthquake,"M 2.1 - 13 km NE of Leamington, Utah",1034,Point,"[-112.1921667, 39.6301667, -1.44]",1034
0,2.51,"3km NNE of Claremont, CA",638744474950,1454631791820,,https://earthquake.usgs.gov/earthquakes/eventpage/ci1056344,https://earthquake.usgs.gov/fdsnws/event/1/query?eventid=ci1056344&format=geojson,,,,,reviewed,0,97,ci,1056344,",ci1056344,",",ci,",",origin,phase-data,",0,,0.101,65.4,ml,earthquake,"M 2.5 - 3km NNE of Claremont, CA",1035,Point,"[-117.708, 34.125, 3.371]",1035
0,2.08,"5km ENE of Wrightwood, CA",638736217690,1454625635770,,https://earthquake.usgs.gov/earthquakes/eventpage/ci1056334,https://earthquake.usgs.gov/fdsnws/event/1/query?eventid=ci1056334&format=geojson,,,,,reviewed,0,67,ci,1056334,",ci1056334,",",ci,",",origin,phase-data,",0,,0.087,50.8,mc,earthquake,"M 2.1 - 5km ENE of Wrightwood, CA",1036,Point,"[-117.584, 34.372, 8.903]",1036
0,2.06,"17km SW of Little Lake, CA",638735594120,1454629017910,,https://earthquake.usgs.gov/earthquakes/eventpage/ci1056332,https://earthquake.usgs.gov/fdsnws/event/1/query?eventid=ci1056332&format=geojson,,,,,reviewed,0,65,ci,1056332,",ci1056332,",",ci,",",origin,phase-data,",0,,0.06,64.1,mc,earthquake,"M 2.1 - 17km SW of Little Lake, CA",1037,Point,"[-118.017, 35.809, 10.442]",1037
0,2.5,"29 km ENE of Soledad, California",638719837310,1481942910290,,https://earthquake.usgs.gov/earthquakes/eventpage/nc154974,https://earthquake.usgs.gov/fdsnws/event/1/query?eventid=nc154974&format=geojson,,,,,reviewed,0,96,nc,154974,",nc154974,ci1056324,",",nc,ci,",",focal-mechanism,nearby-cities,origin,phase-data,",58,0.01712,0.16,36,md,earthquake,"M 2.5 - 29 km ENE of Soledad, California",1038,Point,"[-121.0513333, 36.5636667, 7.924]",1038
0,2.38,"4 km ENE of Tres Pinos, California",638707875070,1481942860400,,https://earthquake.usgs.gov/earthquakes/eventpage/nc155031,https://earthquake.usgs.gov/fdsnws/event/1/query?eventid=nc155031&format=geojson,,,,,reviewed,0,87,nc,155031,",nc155031,",",nc,",",focal-mechanism,nearby-cities,origin,phase-data,",73,0.02342,0.05,50,md,earthquake,"M 2.4 - 4 km ENE of Tres Pinos, California",1039,Point,"[-121.2721667, 36.8063333, 4.999]",1039
0,2.05,"13km WSW of Rosedale, CA",638701513620,1454633120250,,https://earthquake.usgs.gov/earthquakes/eventpage/ci1056320,https://earthquake.usgs.gov/fdsnws/event/1/query?eventid=ci1056320&format=geojson,,,,,reviewed,0,65,ci,1056320,",ci1056320,",",ci,",",origin,phase-data,",0,,0.22,132.9,mc,earthquake,"M 2.1 - 13km WSW of Rosedale, CA",1040,Point,"[-119.271, 35.324, 4.883]",1040
0,2.03,Northern California,638678664760,1481942780946,,https://earthquake.usgs.gov/earthquakes/eventpage/nc154929,https://earthquake.usgs.gov/fdsnws/event/1/query?eventid=nc154929&format=geojson,,,,,reviewed,0,63,nc,154929,",nc154929,",",nc,",",nearby-cities,origin,phase-data,",25,0.01622,0.03,52,md,earthquake,M 2.0 - Northern California,1041,Point,"[-122.8008333, 38.8233333, 3.391]",1041
0,2.54,"22 km ENE of Soledad, California",638678068500,1481942772080,,https://earthquake.usgs.gov/earthquakes/eventpage/nc154928,https://earthquake.usgs.gov/fdsnws/event/1/query?eventid=nc154928&format=geojson,,,,,reviewed,0,99,nc,154928,",nc154928,ci1056314,",",nc,ci,",",focal-mechanism,nearby-cities,origin,phase-data,",52,0.06306,0.04,47,md,earthquake,"M 2.5 - 22 km ENE of Soledad, California",1042,Point,"[-121.0998333, 36.5185, 3.772]",1042
0,2.95,"6 km W of Cobb, California",638675367600,1481942745730,,https://earthquake.usgs.gov/earthquakes/eventpage/nc154926,https://earthquake.usgs.gov/fdsnws/event/1/query?eventid=nc154926&format=geojson,,,,,reviewed,0,134,nc,154926,",nc154926,usp000476n,",",nc,us,",",focal-mechanism,nearby-cities,origin,phase-data,",45,0.01351,0.06,46,md,earthquake,"M 3.0 - 6 km W of Cobb, California",1043,Point,"[-122.8023333, 38.8203333, 2.231]",1043
0,2.2,"13km SW of Mojave, CA",638670904120,1454624946390,,https://earthquake.usgs.gov/earthquakes/eventpage/ci1056309,https://earthquake.usgs.gov/fdsnws/event/1/query?eventid=ci1056309&format=geojson,,,,,reviewed,0,74,ci,1056309,",ci1056309,",",ci,",",origin,phase-data,",0,,0.143,90.8,mc,quarry blast,"M 2.2 Quarry Blast - 13km SW of Mojave, CA",1044,Point,"[-118.28, 34.97, -0.942]",1044
0,2.39,"9km NNW of Anza, CA",638665886340,1454625634710,,https://earthquake.usgs.gov/earthquakes/eventpage/ci1056308,https://earthquake.usgs.gov/fdsnws/event/1/query?eventid=ci1056308&format=geojson,,,,,reviewed,0,88,ci,1056308,",ci1056308,",",ci,",",origin,phase-data,",0,,0.134,44.7,mc,earthquake,"M 2.4 - 9km NNW of Anza, CA",1045,Point,"[-116.694, 33.636, 11.275]",1045
0,2.38,"14 km W of Guinda, California",638664996440,1481942683202,,https://earthquake.usgs.gov/earthquakes/eventpage/nc1174453,https://earthquake.usgs.gov/fdsnws/event/1/query?eventid=nc1174453&format=geojson,,,,,reviewed,0,87,nc,1174453,",nc1174453,",",nc,",",nearby-cities,origin,phase-data,",5,0.06937,0.36,114,md,quarry blast,"M 2.4 Quarry Blast - 14 km W of Guinda, California",1046,Point,"[-122.3621667, 38.8251667, -0.683]",1046
0,2.08,"6km NNE of Claremont, CA",638655786220,1454626966310,,https://earthquake.usgs.gov/earthquakes/eventpage/ci1056306,https://earthquake.usgs.gov/fdsnws/event/1/query?eventid=ci1056306&format=geojson,,,,,reviewed,0,67,ci,1056306,",ci1056306,",",ci,",",origin,phase-data,",0,,0.089,60.6,mc,earthquake,"M 2.1 - 6km NNE of Claremont, CA",1047,Point,"[-117.706, 34.151, 8.644]",1047
0,2.54,"5km N of Claremont, CA",638653113730,1454624945890,,https://earthquake.usgs.gov/earthquakes/eventpage/ci1056304,https://earthquake.usgs.gov/fdsnws/event/1/query?eventid=ci1056304&format=geojson,,,,,reviewed,0,99,ci,1056304,",ci1056304,",",ci,",",origin,phase-data,",0,,0.073,49.6,ml,earthquake,"M 2.5 - 5km N of Claremont, CA",1048,Point,"[-117.711, 34.139, 4.284]",1048
0,2.01,Central California,638640336490,1481942628470,,https://earthquake.usgs.gov/earthquakes/eventpage/nc155028,https://earthquake.usgs.gov/fdsnws/event/1/query?eventid=nc155028&format=geojson,,,,,reviewed,0,62,nc,155028,",nc155028,",",nc,",",focal-mechanism,nearby-cities,origin,phase-data,",56,0.02432,0.08,32,md,earthquake,M 2.0 - Central California,1049,Point,"[-121.6403333, 36.9141667, 5.296]",1049
0,2.64,"6km NNE of Claremont, CA",638635120800,1454631790410,,https://earthquake.usgs.gov/earthquakes/eventpage/ci1056295,https://earthquake.usgs.gov/fdsnws/event/1/query?eventid=ci1056295&format=geojson,,,,,reviewed,0,107,ci,1056295,",ci1056295,",",ci,",",origin,phase-data,",0,,0.086,44,ml,earthquake,"M 2.6 - 6km NNE of Claremont, CA",1050,Point,"[-117.706, 34.152, 8.434]",1050
0,2.74,"6km NNE of Claremont, CA",638635001220,1454629016920,,https://earthquake.usgs.gov/earthquakes/eventpage/ci1056294,https://earthquake.usgs.gov/fdsnws/event/1/query?eventid=ci1056294&format=geojson,,,,,reviewed,0,116,ci,1056294,",ci1056294,",",ci,",",origin,phase-data,",0,,0.091,60.7,ml,earthquake,"M 2.7 - 6km NNE of Claremont, CA",1051,Point,"[-117.706, 34.151, 8.454]",1051
0,2.13,"5km NNE of Claremont, CA",638633017600,1454630418640,,https://earthquake.usgs.gov/earthquakes/eventpage/ci1056292,https://earthquake.usgs.gov/fdsnws/event/1/query?eventid=ci1056292&format=geojson,,,,,reviewed,0,70,ci,1056292,",ci1056292,",",ci,",",origin,phase-data,",0,,0.073,86.5,mc,earthquake,"M 2.1 - 5km NNE of Claremont, CA",1052,Point,"[-117.692, 34.136, 3.614]",1052
0,2.62,"1 km ESE of Round Valley, California",638630821160,1481942584410,,https://earthquake.usgs.gov/earthquakes/eventpage/nc154956,https://earthquake.usgs.gov/fdsnws/event/1/query?eventid=nc154956&format=geojson,,,,,reviewed,0,106,nc,154956,",nc154956,ci677735,",",nc,ci,",",focal-mechanism,nearby-cities,origin,phase-data,",38,0.05946,0.04,69,md,earthquake,"M 2.6 - 1 km ESE of Round Valley, California",1053,Point,"[-118.5691667, 37.4121667, 12.054]",1053
0,2.2,Central California,638622355470,1481942521770,,https://earthquake.usgs.gov/earthquakes/eventpage/nc155023,https://earthquake.usgs.gov/fdsnws/event/1/query?eventid=nc155023&format=geojson,,,,,reviewed,0,74,nc,155023,",nc155023,",",nc,",",focal-mechanism,nearby-cities,origin,phase-data,",52,0.03964,0.06,34,md,earthquake,M 2.2 - Central California,1054,Point,"[-121.1488333, 36.5533333, 8.382]",1054
0,2.1,"10 km ESE of Beaver, Utah",638621440140,1535429079950,,https://earthquake.usgs.gov/earthquakes/eventpage/uu50048990,https://earthquake.usgs.gov/fdsnws/event/1/query?eventid=uu50048990&format=geojson,,,,,reviewed,0,68,uu,50048990,",uu50048990,",",uu,",",origin,phase-data,",8,0.3732,0.14,182,md,earthquake,"M 2.1 - 10 km ESE of Beaver, Utah",1055,Point,"[-112.5345, 38.2371667, 2.91]",1055
0,2.89,"9 km ESE of Beaver, Utah",638621246100,1535429079260,,https://earthquake.usgs.gov/earthquakes/eventpage/uu50048985,https://earthquake.usgs.gov/fdsnws/event/1/query?eventid=uu50048985&format=geojson,,,,,reviewed,0,128,uu,50048985,",usp000475x,uu50048985,",",us,uu,",",impact-text,origin,phase-data,",17,0.3695,0.33,160,md,earthquake,"M 2.9 - 9 km ESE of Beaver, Utah",1056,Point,"[-112.5488333, 38.2323333, 10.56]",1056
0,2.33,"10 km ESE of Beaver, Utah",638620884540,1535429078600,,https://earthquake.usgs.gov/earthquakes/eventpage/uu50048980,https://earthquake.usgs.gov/fdsnws/event/1/query?eventid=uu50048980&format=geojson,,,,,reviewed,0,84,uu,50048980,",uu50048980,",",uu,",",origin,phase-data,",9,0.3766,0.31,182,md,earthquake,"M 2.3 - 10 km ESE of Beaver, Utah",1057,Point,"[-112.5391667, 38.2295, 1.66]",1057
0,2,"10 km ESE of Beaver, Utah",638620239200,1535429077950,,https://earthquake.usgs.gov/earthquakes/eventpage/uu50048975,https://earthquake.usgs.gov/fdsnws/event/1/query?eventid=uu50048975&format=geojson,,,,,reviewed,0,62,uu,50048975,",uu50048975,",",uu,",",origin,phase-data,",8,0.3749,0.39,182,md,earthquake,"M 2.0 - 10 km ESE of Beaver, Utah",1058,Point,"[-112.5395, 38.2315, 3.61]",1058
0,2.04,"4 km E of Mammoth Lakes, California",638619193010,1481942439750,,https://earthquake.usgs.gov/earthquakes/eventpage/nc10091029,https://earthquake.usgs.gov/fdsnws/event/1/query?eventid=nc10091029&format=geojson,,,,,reviewed,0,64,nc,10091029,",nc10091029,",",nc,",",focal-mechanism,nearby-cities,origin,phase-data,",31,0.01622,0.03,75,md,earthquake,"M 2.0 - 4 km E of Mammoth Lakes, California",1059,Point,"[-118.9236667, 37.6478333, 5.134]",1059
0,2.23,"13km WNW of Calipatria, CA",638614746370,1454624945030,,https://earthquake.usgs.gov/earthquakes/eventpage/ci141358,https://earthquake.usgs.gov/fdsnws/event/1/query?eventid=ci141358&format=geojson,,,,,reviewed,0,77,ci,141358,",ci141358,",",ci,",",origin,phase-data,",0,,0.184,91.5,mc,earthquake,"M 2.2 - 13km WNW of Calipatria, CA",1060,Point,"[-115.649, 33.164, 1.066]",1060
0,2.17,"12km WNW of Calipatria, CA",638614312810,1454624944570,,https://earthquake.usgs.gov/earthquakes/eventpage/ci1056284,https://earthquake.usgs.gov/fdsnws/event/1/query?eventid=ci1056284&format=geojson,,,,,reviewed,0,72,ci,1056284,",ci1056284,",",ci,",",origin,phase-data,",0,,0.101,89.1,mc,earthquake,"M 2.2 - 12km WNW of Calipatria, CA",1061,Point,"[-115.631, 33.165, 1.666]",1061
0,2.07,"3 km WNW of San Juan Bautista, California",638605398240,1481942287270,,https://earthquake.usgs.gov/earthquakes/eventpage/nc154886,https://earthquake.usgs.gov/fdsnws/event/1/query?eventid=nc154886&format=geojson,,,,,reviewed,0,66,nc,154886,",nc154886,",",nc,",",focal-mechanism,nearby-cities,origin,phase-data,",58,0.01532,0.05,36,md,earthquake,"M 2.1 - 3 km WNW of San Juan Bautista, California",1062,Point,"[-121.5668333, 36.86, 6.674]",1062
0,2.35,"3 km WNW of San Juan Bautista, California",638604762410,1481942275380,,https://earthquake.usgs.gov/earthquakes/eventpage/nc154930,https://earthquake.usgs.gov/fdsnws/event/1/query?eventid=nc154930&format=geojson,,,,,reviewed,0,85,nc,154930,",nc154930,",",nc,",",focal-mechanism,nearby-cities,origin,phase-data,",64,0.01712,0.07,36,md,earthquake,"M 2.4 - 3 km WNW of San Juan Bautista, California",1063,Point,"[-121.5696667, 36.8595, 6.164]",1063
0,3.6,"3 km WNW of San Juan Bautista, California",638604505220,1481942267230,,https://earthquake.usgs.gov/earthquakes/eventpage/nc1174401,https://earthquake.usgs.gov/fdsnws/event/1/query?eventid=nc1174401&format=geojson,,,,,reviewed,0,199,nc,1174401,",nc1174401,usp000475r,",",nc,us,",",focal-mechanism,impact-text,nearby-cities,origin,phase-data,",74,0.01622,0.07,43,ml,earthquake,"M 3.6 - 3 km WNW of San Juan Bautista, California",1064,Point,"[-121.5678333, 36.8603333, 6.364]",1064
0,2.13,"10 km NE of Coalinga, California",638579963200,1481942241146,,https://earthquake.usgs.gov/earthquakes/eventpage/nc1174396,https://earthquake.usgs.gov/fdsnws/event/1/query?eventid=nc1174396&format=geojson,,,,,reviewed,0,70,nc,1174396,",nc1174396,ci1056271,",",nc,ci,",",nearby-cities,origin,phase-data,",18,0.05766,0.17,62,md,earthquake,"M 2.1 - 10 km NE of Coalinga, California",1065,Point,"[-120.2896667, 36.2106667, 7.777]",1065
0,2.61,"13 km E of Hidden Valley Lake, California",638578625420,1481942237219,,https://earthquake.usgs.gov/earthquakes/eventpage/nc1174395,https://earthquake.usgs.gov/fdsnws/event/1/query?eventid=nc1174395&format=geojson,,,,,reviewed,0,105,nc,1174395,",nc1174395,",",nc,",",nearby-cities,origin,phase-data,",23,0.04054,0.32,58,md,quarry blast,"M 2.6 Quarry Blast - 13 km E of Hidden Valley Lake, California",1066,Point,"[-122.4023333, 38.8255, -0.49]",1066
0,2.04,"4km NW of Boron, CA",638576786910,1454628356190,,https://earthquake.usgs.gov/earthquakes/eventpage/ci1056270,https://earthquake.usgs.gov/fdsnws/event/1/query?eventid=ci1056270&format=geojson,,,,,reviewed,0,64,ci,1056270,",ci1056270,",",ci,",",origin,phase-data,",0,,0.093,219.6,mc,quarry blast,"M 2.0 Quarry Blast - 4km NW of Boron, CA",1067,Point,"[-117.68, 35.03, -0.781]",1067
0,2.44,"16km E of Coso Junction, CA",638567620460,1454624281220,,https://earthquake.usgs.gov/earthquakes/eventpage/ci1056265,https://earthquake.usgs.gov/fdsnws/event/1/query?eventid=ci1056265&format=geojson,,,,,reviewed,0,92,ci,1056265,",ci1056265,",",ci,",",origin,phase-data,",0,,0.057,187.4,mc,earthquake,"M 2.4 - 16km E of Coso Junction, CA",1068,Point,"[-117.776, 36.046, -0.219]",1068
0,2.48,"5 km WSW of Cobb, California",638564587630,1481942174140,,https://earthquake.usgs.gov/earthquakes/eventpage/nc154906,https://earthquake.usgs.gov/fdsnws/event/1/query?eventid=nc154906&format=geojson,,,,,reviewed,0,95,nc,154906,",nc154906,",",nc,",",focal-mechanism,nearby-cities,origin,phase-data,",30,0.01441,0.05,51,md,earthquake,"M 2.5 - 5 km WSW of Cobb, California",1069,Point,"[-122.7763333, 38.8046667, 0.361]",1069
0,2.21,"16 km WNW of Davenport, California",638557460520,1481942156080,,https://earthquake.usgs.gov/earthquakes/eventpage/nc154902,https://earthquake.usgs.gov/fdsnws/event/1/query?eventid=nc154902&format=geojson,,,,,reviewed,0,75,nc,154902,",nc154902,",",nc,",",focal-mechanism,nearby-cities,origin,phase-data,",36,0.1126,0.11,228,md,earthquake,"M 2.2 - 16 km WNW of Davenport, California",1070,Point,"[-122.3536667, 37.0855, 8.493]",1070
0,2.76,"10 km S of Tres Pinos, California",638509545680,1481942026460,,https://earthquake.usgs.gov/earthquakes/eventpage/nc154879,https://earthquake.usgs.gov/fdsnws/event/1/query?eventid=nc154879&format=geojson,,,,,reviewed,0,117,nc,154879,",nc154879,usp000474h,",",nc,us,",",focal-mechanism,nearby-cities,origin,phase-data,",67,0.02252,0.07,28,md,earthquake,"M 2.8 - 10 km S of Tres Pinos, California",1071,Point,"[-121.3236667, 36.6936667, 3.548]",1071
0,2.11,"2km SSW of Monterey Park, CA",638501425720,1454633816350,,https://earthquake.usgs.gov/earthquakes/eventpage/ci1056246,https://earthquake.usgs.gov/fdsnws/event/1/query?eventid=ci1056246&format=geojson,,,,,reviewed,0,68,ci,1056246,",ci1056246,",",ci,",",origin,phase-data,",0,,0.111,268.5,mc,earthquake,"M 2.1 - 2km SSW of Monterey Park, CA",1072,Point,"[-118.131, 34.05, 15.883]",1072
0,2.02,"4km NW of Boron, CA",638490201220,1454633815390,,https://earthquake.usgs.gov/earthquakes/eventpage/ci1056242,https://earthquake.usgs.gov/fdsnws/event/1/query?eventid=ci1056242&format=geojson,,,,,reviewed,0,63,ci,1056242,",ci1056242,",",ci,",",origin,phase-data,",0,,0.102,137.5,mc,quarry blast,"M 2.0 Quarry Blast - 4km NW of Boron, CA",1073,Point,"[-117.68, 35.03, -0.76]",1073
0,2.1,"4km WNW of Upland, CA",638487151350,1454630417570,,https://earthquake.usgs.gov/earthquakes/eventpage/ci1056238,https://earthquake.usgs.gov/fdsnws/event/1/query?eventid=ci1056238&format=geojson,,,,,reviewed,0,68,ci,1056238,",ci1056238,",",ci,",",origin,phase-data,",0,,0.101,100.9,mc,earthquake,"M 2.1 - 4km WNW of Upland, CA",1074,Point,"[-117.683, 34.111, 1.993]",1074
0,2.44,"7km NNE of Claremont, CA",638482613490,1454626302050,,https://earthquake.usgs.gov/earthquakes/eventpage/ci1056237,https://earthquake.usgs.gov/fdsnws/event/1/query?eventid=ci1056237&format=geojson,,,,,reviewed,0,92,ci,1056237,",ci1056237,",",ci,",",origin,phase-data,",0,,0.09,32.6,ml,earthquake,"M 2.4 - 7km NNE of Claremont, CA",1075,Point,"[-117.702, 34.156, 7.621]",1075
0,2.06,"15km ENE of Borrego Springs, CA",638475757110,1454631787740,,https://earthquake.usgs.gov/earthquakes/eventpage/ci1056233,https://earthquake.usgs.gov/fdsnws/event/1/query?eventid=ci1056233&format=geojson,,,,,reviewed,0,65,ci,1056233,",ci1056233,",",ci,",",origin,phase-data,",0,,0.058,57.7,mc,earthquake,"M 2.1 - 15km ENE of Borrego Springs, CA",1076,Point,"[-116.222, 33.29, 8.452]",1076
0,2.05,"7 km SW of Cambria, California",638475687360,1481941943464,,https://earthquake.usgs.gov/earthquakes/eventpage/nc154832,https://earthquake.usgs.gov/fdsnws/event/1/query?eventid=nc154832&format=geojson,,,,,reviewed,0,65,nc,154832,",nc154832,ci1056232,",",nc,ci,",",nearby-cities,origin,phase-data,",33,0.06577,0.07,190,md,earthquake,"M 2.1 - 7 km SW of Cambria, California",1077,Point,"[-121.1405, 35.5226667, 3.841]",1077
0,2.06,"1km NW of Claremont, CA",638466072130,1454624943120,,https://earthquake.usgs.gov/earthquakes/eventpage/ci1056226,https://earthquake.usgs.gov/fdsnws/event/1/query?eventid=ci1056226&format=geojson,,,,,reviewed,0,65,ci,1056226,",ci1056226,",",ci,",",origin,phase-data,",0,,0.095,67.7,mc,earthquake,"M 2.1 - 1km NW of Claremont, CA",1078,Point,"[-117.727, 34.105, 2.583]",1078
0,2.22,"5 km SW of Cobb, California",638462107330,1481941908967,,https://earthquake.usgs.gov/earthquakes/eventpage/nc154802,https://earthquake.usgs.gov/fdsnws/event/1/query?eventid=nc154802&format=geojson,,,,,reviewed,0,76,nc,154802,",nc154802,",",nc,",",nearby-cities,origin,phase-data,",24,0.02072,0.06,44,md,earthquake,"M 2.2 - 5 km SW of Cobb, California",1079,Point,"[-122.7758333, 38.7928333, 1.541]",1079
0,3.1,"22 km NE of Soledad, California",638454526810,1481941876770,,https://earthquake.usgs.gov/earthquakes/eventpage/nc154869,https://earthquake.usgs.gov/fdsnws/event/1/query?eventid=nc154869&format=geojson,,,,,reviewed,0,148,nc,154869,",nc154869,usp000473f,",",nc,us,",",focal-mechanism,nearby-cities,origin,phase-data,",75,0.01982,0.07,24,md,earthquake,"M 3.1 - 22 km NE of Soledad, California",1080,Point,"[-121.1656667, 36.5746667, 3.45]",1080
0,2.21,"13km WSW of Rosedale, CA",638451721260,1454629015550,,https://earthquake.usgs.gov/earthquakes/eventpage/ci1056216,https://earthquake.usgs.gov/fdsnws/event/1/query?eventid=ci1056216&format=geojson,,,,,reviewed,0,75,ci,1056216,",ci1056216,",",ci,",",origin,phase-data,",0,,0.406,124.4,mc,earthquake,"M 2.2 - 13km WSW of Rosedale, CA",1081,Point,"[-119.285, 35.344, 5.227]",1081
0,2.85,"5 km SW of Gilroy, California",638380282040,1481941714840,,https://earthquake.usgs.gov/earthquakes/eventpage/nc154825,https://earthquake.usgs.gov/fdsnws/event/1/query?eventid=nc154825&format=geojson,,,,,reviewed,0,125,nc,154825,",nc154825,usp0004729,",",nc,us,",",focal-mechanism,nearby-cities,origin,phase-data,",87,0.02523,0.08,29,md,earthquake,"M 2.9 - 5 km SW of Gilroy, California",1082,Point,"[-121.6091667, 36.9713333, 3.714]",1082
0,2.07,"37km SW of Ludlow, CA",638368138200,1454626961880,,https://earthquake.usgs.gov/earthquakes/eventpage/ci1056181,https://earthquake.usgs.gov/fdsnws/event/1/query?eventid=ci1056181&format=geojson,,,,,reviewed,0,66,ci,1056181,",ci1056181,",",ci,",",origin,phase-data,",0,,0.077,105.2,mc,earthquake,"M 2.1 - 37km SW of Ludlow, CA",1083,Point,"[-116.484, 34.521, 4.815]",1083
0,2.25,"22km SSW of Little Lake, CA",638362719190,1454626961370,,https://earthquake.usgs.gov/earthquakes/eventpage/ci1056178,https://earthquake.usgs.gov/fdsnws/event/1/query?eventid=ci1056178&format=geojson,,,,,reviewed,0,78,ci,1056178,",ci1056178,",",ci,",",origin,phase-data,",0,,0.066,61.7,mc,earthquake,"M 2.3 - 22km SSW of Little Lake, CA",1084,Point,"[-118.02, 35.761, 3.992]",1084
0,3.06,"22km SSW of Little Lake, CA",638360546310,1454629013080,,https://earthquake.usgs.gov/earthquakes/eventpage/ci1056177,https://earthquake.usgs.gov/fdsnws/event/1/query?eventid=ci1056177&format=geojson,,,,,reviewed,0,144,ci,1056177,",usp000471s,ci1056177,",",us,ci,",",origin,phase-data,",0,,0.069,53.5,ml,earthquake,"M 3.1 - 22km SSW of Little Lake, CA",1085,Point,"[-118.019, 35.761, 4.022]",1085
0,2.07,"8 km SSE of Huron, California",638358967050,1481941636388,,https://earthquake.usgs.gov/earthquakes/eventpage/nc154766,https://earthquake.usgs.gov/fdsnws/event/1/query?eventid=nc154766&format=geojson,,,,,reviewed,0,66,nc,154766,",nc154766,",",nc,",",nearby-cities,origin,phase-data,",17,0.08288,0.07,184,md,earthquake,"M 2.1 - 8 km SSE of Huron, California",1086,Point,"[-120.0613333, 36.1338333, 7.077]",1086
0,2.8,"5km N of Claremont, CA",638355992000,1454629716930,,https://earthquake.usgs.gov/earthquakes/eventpage/ci1056174,https://earthquake.usgs.gov/fdsnws/event/1/query?eventid=ci1056174&format=geojson,,,,,reviewed,0,121,ci,1056174,",ci1056174,",",ci,",",origin,phase-data,",0,,0.123,41.2,ml,earthquake,"M 2.8 - 5km N of Claremont, CA",1087,Point,"[-117.716, 34.139, 6.531]",1087
0,3.17,"7 km WSW of Cobb, California",638350317540,1481941583110,,https://earthquake.usgs.gov/earthquakes/eventpage/nc154761,https://earthquake.usgs.gov/fdsnws/event/1/query?eventid=nc154761&format=geojson,,,,,reviewed,0,155,nc,154761,",nc154761,usp000471h,",",nc,us,",",focal-mechanism,nearby-cities,origin,phase-data,",44,0.00991,0.08,45,md,earthquake,"M 3.2 - 7 km WSW of Cobb, California",1088,Point,"[-122.7978333, 38.7985, 0.371]",1088
0,2.76,"24km SW of Dana Point, CA",638349466100,1454628353350,,https://earthquake.usgs.gov/earthquakes/eventpage/ci1056171,https://earthquake.usgs.gov/fdsnws/event/1/query?eventid=ci1056171&format=geojson,,,,,reviewed,0,117,ci,1056171,",ci1056171,",",ci,",",origin,phase-data,",0,,0.264,111.9,ml,earthquake,"M 2.8 - 24km SW of Dana Point, CA",1089,Point,"[-117.909, 33.345, 5.692]",1089
0,3.03,"1km SSE of Beatty, NV",638321099910,1454631095050,,https://earthquake.usgs.gov/earthquakes/eventpage/ci677585,https://earthquake.usgs.gov/fdsnws/event/1/query?eventid=ci677585&format=geojson,,,,,reviewed,0,141,ci,677585,",ci677585,",",ci,",",origin,phase-data,",0,,0.431,241.8,mc,quarry blast,"M 3.0 Quarry Blast - 1km SSE of Beatty, NV",1090,Point,"[-116.75, 36.9, -1.792]",1090
0,2.15,"17 km NE of Nice, California",638318005460,1481941507610,,https://earthquake.usgs.gov/earthquakes/eventpage/nc154807,https://earthquake.usgs.gov/fdsnws/event/1/query?eventid=nc154807&format=geojson,,,,,reviewed,0,71,nc,154807,",nc154807,",",nc,",",focal-mechanism,nearby-cities,origin,phase-data,",27,0.1108,0.06,73,md,earthquake,"M 2.2 - 17 km NE of Nice, California",1091,Point,"[-122.7095, 39.2371667, 8.55]",1091
0,2.71,"17 km NE of Nice, California",638317950000,1481941499700,,https://earthquake.usgs.gov/earthquakes/eventpage/nc154750,https://earthquake.usgs.gov/fdsnws/event/1/query?eventid=nc154750&format=geojson,,,,,reviewed,0,113,nc,154750,",nc154750,",",nc,",",focal-mechanism,nearby-cities,origin,phase-data,",40,0.1072,0.07,48,md,earthquake,"M 2.7 - 17 km NE of Nice, California",1092,Point,"[-122.7046667, 39.239, 9.97]",1092
0,2.18,"10km WSW of Niland, CA",638315531500,1454626960060,,https://earthquake.usgs.gov/earthquakes/eventpage/ci1056162,https://earthquake.usgs.gov/fdsnws/event/1/query?eventid=ci1056162&format=geojson,,,,,reviewed,0,73,ci,1056162,",ci1056162,",",ci,",",origin,phase-data,",0,0.06932,0.169,57.4,mc,earthquake,"M 2.2 - 10km WSW of Niland, CA",1093,Point,"[-115.618, 33.209, 4.091]",1093
0,2.07,"6km N of Claremont, CA",638311618660,1454629012480,,https://earthquake.usgs.gov/earthquakes/eventpage/ci1056161,https://earthquake.usgs.gov/fdsnws/event/1/query?eventid=ci1056161&format=geojson,,,,,reviewed,0,66,ci,1056161,",ci1056161,",",ci,",",origin,phase-data,",0,,0.085,72.2,mc,earthquake,"M 2.1 - 6km N of Claremont, CA",1094,Point,"[-117.721, 34.155, 4.447]",1094
0,2.03,"4 km WSW of Cupertino, California",638309687460,1481941484390,,https://earthquake.usgs.gov/earthquakes/eventpage/nc154817,https://earthquake.usgs.gov/fdsnws/event/1/query?eventid=nc154817&format=geojson,,,,,reviewed,0,63,nc,154817,",nc154817,",",nc,",",focal-mechanism,nearby-cities,origin,phase-data,",32,0.02703,0.07,38,md,earthquake,"M 2.0 - 4 km WSW of Cupertino, California",1095,Point,"[-122.0766667, 37.3001667, 5.333]",1095
0,2.1,"20 km SSE of Tres Pinos, California",638308920990,1481941472730,,https://earthquake.usgs.gov/earthquakes/eventpage/nc154816,https://earthquake.usgs.gov/fdsnws/event/1/query?eventid=nc154816&format=geojson,,,,,reviewed,0,68,nc,154816,",nc154816,",",nc,",",focal-mechanism,nearby-cities,origin,phase-data,",49,0.03694,0.05,25,md,earthquake,"M 2.1 - 20 km SSE of Tres Pinos, California",1096,Point,"[-121.2246667, 36.6186667, 4.441]",1096
0,2.08,"37km SW of Ludlow, CA",638294951560,1454626959610,,https://earthquake.usgs.gov/earthquakes/eventpage/ci1056158,https://earthquake.usgs.gov/fdsnws/event/1/query?eventid=ci1056158&format=geojson,,,,,reviewed,0,67,ci,1056158,",ci1056158,",",ci,",",origin,phase-data,",0,,0.097,105,mc,earthquake,"M 2.1 - 37km SW of Ludlow, CA",1097,Point,"[-116.484, 34.524, 4.815]",1097
0,2.06,"3km NNE of Carson, CA",638287934570,1454626298450,,https://earthquake.usgs.gov/earthquakes/eventpage/ci1056154,https://earthquake.usgs.gov/fdsnws/event/1/query?eventid=ci1056154&format=geojson,,,,,reviewed,0,65,ci,1056154,",ci1056154,",",ci,",",origin,phase-data,",0,,0.102,96.1,mc,earthquake,"M 2.1 - 3km NNE of Carson, CA",1098,Point,"[-118.265, 33.858, 12.905]",1098
0,3.9,"12 km NW of Mina, Nevada",638266601000,1415321158350,,https://earthquake.usgs.gov/earthquakes/eventpage/usp0004700,https://earthquake.usgs.gov/fdsnws/event/1/query?eventid=usp0004700&format=geojson,,,,,reviewed,0,234,us,p0004700,",usp0004700,",",us,",",impact-text,origin,phase-data,",,,,,mb,earthquake,"M 3.9 - 12 km NW of Mina, Nevada",1099,Point,"[-118.202, 38.475, 6]",1099
0,2.37,"2km ENE of Monterey Park, CA",638253235830,1454629715500,,https://earthquake.usgs.gov/earthquakes/eventpage/ci1056138,https://earthquake.usgs.gov/fdsnws/event/1/query?eventid=ci1056138&format=geojson,,,,,reviewed,0,86,ci,1056138,",ci1056138,",",ci,",",origin,phase-data,",0,,0.141,46.8,mc,earthquake,"M 2.4 - 2km ENE of Monterey Park, CA",1100,Point,"[-118.098, 34.069, 8.088]",1100
0,2.14,"5km N of Claremont, CA",638250020530,1454623583860,,https://earthquake.usgs.gov/earthquakes/eventpage/ci1056137,https://earthquake.usgs.gov/fdsnws/event/1/query?eventid=ci1056137&format=geojson,,,,,reviewed,0,70,ci,1056137,",ci1056137,",",ci,",",origin,phase-data,",0,,0.077,60.5,mc,earthquake,"M 2.1 - 5km N of Claremont, CA",1101,Point,"[-117.717, 34.143, 12.711]",1101
0,2.42,"0 km S of Los Altos Hills, California",638234185320,1481941224460,,https://earthquake.usgs.gov/earthquakes/eventpage/nc154775,https://earthquake.usgs.gov/fdsnws/event/1/query?eventid=nc154775&format=geojson,,,,,reviewed,0,90,nc,154775,",nc154775,",",nc,",",focal-mechanism,nearby-cities,origin,phase-data,",61,0.04324,0.1,39,md,earthquake,"M 2.4 - 0 km S of Los Altos Hills, California",1102,Point,"[-122.139, 37.3715, 5.708]",1102
0,2.34,"15 km E of Hidden Valley Lake, California",638233234930,1481941217515,,https://earthquake.usgs.gov/earthquakes/eventpage/nc154774,https://earthquake.usgs.gov/fdsnws/event/1/query?eventid=nc154774&format=geojson,,,,,reviewed,0,84,nc,154774,",nc154774,",",nc,",",nearby-cities,origin,phase-data,",8,0.05676,0.08,133,md,quarry blast,"M 2.3 Quarry Blast - 15 km E of Hidden Valley Lake, California",1103,Point,"[-122.385, 38.834, -0.436]",1103
0,2.1,"4km NW of Boron, CA",638231013940,1454631784280,,https://earthquake.usgs.gov/earthquakes/eventpage/ci1056129,https://earthquake.usgs.gov/fdsnws/event/1/query?eventid=ci1056129&format=geojson,,,,,reviewed,0,68,ci,1056129,",ci1056129,",",ci,",",origin,phase-data,",0,0.09356,0.133,130.4,mc,quarry blast,"M 2.1 Quarry Blast - 4km NW of Boron, CA",1104,Point,"[-117.68, 35.03, -0.758]",1104
0,2.21,"7 km W of Cobb, California",638223982330,1481941177090,,https://earthquake.usgs.gov/earthquakes/eventpage/nc154705,https://earthquake.usgs.gov/fdsnws/event/1/query?eventid=nc154705&format=geojson,,,,,reviewed,0,75,nc,154705,",nc154705,",",nc,",",focal-mechanism,nearby-cities,origin,phase-data,",31,0.01532,0.04,51,md,earthquake,"M 2.2 - 7 km W of Cobb, California",1105,Point,"[-122.8076667, 38.819, 0.861]",1105
0,2.3,"9km N of Victorville, CA",638217622030,1454629011560,,https://earthquake.usgs.gov/earthquakes/eventpage/ci1056125,https://earthquake.usgs.gov/fdsnws/event/1/query?eventid=ci1056125&format=geojson,,,,,reviewed,0,81,ci,1056125,",ci1056125,",",ci,",",origin,phase-data,",0,,0.406,81.7,mc,quarry blast,"M 2.3 Quarry Blast - 9km N of Victorville, CA",1106,Point,"[-117.3, 34.62, -0.972]",1106
0,2.58,"17km NW of Bridgeport, CA",638203031140,1687475694340,,https://earthquake.usgs.gov/earthquakes/eventpage/nc154696,https://earthquake.usgs.gov/fdsnws/event/1/query?eventid=nc154696&format=geojson,,,,,reviewed,0,102,nc,154696,",nc154696,",",nc,",",focal-mechanism,nearby-cities,origin,phase-data,",50,,0.1,190,md,earthquake,"M 2.6 - 17km NW of Bridgeport, CA",1107,Point,"[-119.3863333, 38.3466667, 4.23]",1107
0,3.7,"3 km SE of Aromas, California",638200218770,1481941084180,,https://earthquake.usgs.gov/earthquakes/eventpage/nc10090980,https://earthquake.usgs.gov/fdsnws/event/1/query?eventid=nc10090980&format=geojson,,,,,reviewed,0,211,nc,10090980,",nc10090980,usp00046z4,",",nc,us,",",focal-mechanism,impact-text,nearby-cities,origin,phase-data,",90,0.02162,0.09,55,ml,earthquake,"M 3.7 - 3 km SE of Aromas, California",1108,Point,"[-121.6083333, 36.8675, 8.507]",1108
0,2.58,"16 km WNW of Bridgeport, California",638200133730,1481941074452,,https://earthquake.usgs.gov/earthquakes/eventpage/nc1174254,https://earthquake.usgs.gov/fdsnws/event/1/query?eventid=nc1174254&format=geojson,,,,,reviewed,0,102,nc,1174254,",nc1174254,",",nc,",",nearby-cities,origin,phase-data,",14,0.3225,0.1,212,md,earthquake,"M 2.6 - 16 km WNW of Bridgeport, California",1109,Point,"[-119.3951667, 38.3268333, 3.364]",1109
0,2.05,California-Nevada border region,638199658570,1481941070286,,https://earthquake.usgs.gov/earthquakes/eventpage/nc154679,https://earthquake.usgs.gov/fdsnws/event/1/query?eventid=nc154679&format=geojson,,,,,reviewed,0,65,nc,154679,",nc154679,",",nc,",",nearby-cities,origin,phase-data,",9,0.3162,0.04,257,md,earthquake,M 2.1 - California-Nevada border region,1110,Point,"[-119.3948333, 38.3196667, 2.105]",1110
0,2.62,"15 km NW of Bridgeport, California",638199326100,1481941065470,,https://earthquake.usgs.gov/earthquakes/eventpage/nc154692,https://earthquake.usgs.gov/fdsnws/event/1/query?eventid=nc154692&format=geojson,,,,,reviewed,0,106,nc,154692,",nc154692,ci677534,",",nc,ci,",",focal-mechanism,nearby-cities,origin,phase-data,",35,0.3279,0.09,191,md,earthquake,"M 2.6 - 15 km NW of Bridgeport, California",1111,Point,"[-119.3795, 38.3396667, 14.915]",1111
0,2.29,"6 km SW of Monte Sereno, California",638148290460,1481940946400,,https://earthquake.usgs.gov/earthquakes/eventpage/nc154653,https://earthquake.usgs.gov/fdsnws/event/1/query?eventid=nc154653&format=geojson,,,,,reviewed,0,81,nc,154653,",nc154653,",",nc,",",focal-mechanism,nearby-cities,origin,phase-data,",64,0.03243,0.09,54,md,earthquake,"M 2.3 - 6 km SW of Monte Sereno, California",1112,Point,"[-122.0438333, 37.1948333, 13.566]",1112
0,2.52,"15 km E of Hidden Valley Lake, California",638146610130,1481940939198,,https://earthquake.usgs.gov/earthquakes/eventpage/nc1174235,https://earthquake.usgs.gov/fdsnws/event/1/query?eventid=nc1174235&format=geojson,,,,,reviewed,0,98,nc,1174235,",nc1174235,",",nc,",",nearby-cities,origin,phase-data,",6,0.05135,0.1,184,md,quarry blast,"M 2.5 Quarry Blast - 15 km E of Hidden Valley Lake, California",1113,Point,"[-122.3826667, 38.8098333, -0.436]",1113
0,2.13,"8 km SSW of Tres Pinos, California",638141576270,1481940922500,,https://earthquake.usgs.gov/earthquakes/eventpage/nc154650,https://earthquake.usgs.gov/fdsnws/event/1/query?eventid=nc154650&format=geojson,,,,,reviewed,0,70,nc,154650,",nc154650,",",nc,",",focal-mechanism,nearby-cities,origin,phase-data,",52,0.00991,0.07,30,md,earthquake,"M 2.1 - 8 km SSW of Tres Pinos, California",1114,Point,"[-121.3541667, 36.714, 2.793]",1114
0,2.04,"6 km E of Mammoth Lakes, California",638129675890,1481940843430,,https://earthquake.usgs.gov/earthquakes/eventpage/nc154671,https://earthquake.usgs.gov/fdsnws/event/1/query?eventid=nc154671&format=geojson,,,,,reviewed,0,64,nc,154671,",nc154671,ci1056063,",",nc,ci,",",focal-mechanism,nearby-cities,origin,phase-data,",33,0.005405,0.06,96,md,earthquake,"M 2.0 - 6 km E of Mammoth Lakes, California",1115,Point,"[-118.8995, 37.654, 3.156]",1115
0,2.42,"6 km E of Mammoth Lakes, California",638129665670,1481940834200,,https://earthquake.usgs.gov/earthquakes/eventpage/nc1174224,https://earthquake.usgs.gov/fdsnws/event/1/query?eventid=nc1174224&format=geojson,,,,,reviewed,0,90,nc,1174224,",nc1174224,",",nc,",",nearby-cities,origin,phase-data,",14,0.005405,0.03,100,md,earthquake,"M 2.4 - 6 km E of Mammoth Lakes, California",1116,Point,"[-118.8996667, 37.6573333, 2.366]",1116
0,2.26,"9km N of Victorville, CA",638128087390,1454623582250,,https://earthquake.usgs.gov/earthquakes/eventpage/ci1056060,https://earthquake.usgs.gov/fdsnws/event/1/query?eventid=ci1056060&format=geojson,,,,,reviewed,0,79,ci,1056060,",ci1056060,",",ci,",",origin,phase-data,",0,,0.237,134.8,mc,quarry blast,"M 2.3 Quarry Blast - 9km N of Victorville, CA",1117,Point,"[-117.3, 34.62, -1.01]",1117
0,2.18,"5km NNE of Claremont, CA",638098185160,1454632459350,,https://earthquake.usgs.gov/earthquakes/eventpage/ci1056052,https://earthquake.usgs.gov/fdsnws/event/1/query?eventid=ci1056052&format=geojson,,,,,reviewed,0,73,ci,1056052,",ci1056052,",",ci,",",origin,phase-data,",0,,0.121,83.9,mc,earthquake,"M 2.2 - 5km NNE of Claremont, CA",1118,Point,"[-117.703, 34.137, 2.411]",1118
0,2.01,"7 km WSW of Cobb, California",638079561740,1481940711169,,https://earthquake.usgs.gov/earthquakes/eventpage/nc154613,https://earthquake.usgs.gov/fdsnws/event/1/query?eventid=nc154613&format=geojson,,,,,reviewed,0,62,nc,154613,",nc154613,",",nc,",",nearby-cities,origin,phase-data,",21,0.01171,0.04,37,md,earthquake,"M 2.0 - 7 km WSW of Cobb, California",1119,Point,"[-122.8061667, 38.801, 0.261]",1119
0,2.21,"16 km WNW of Bridgeport, California",638075370870,1481940699232,,https://earthquake.usgs.gov/earthquakes/eventpage/nc154610,https://earthquake.usgs.gov/fdsnws/event/1/query?eventid=nc154610&format=geojson,,,,,reviewed,0,75,nc,154610,",nc154610,",",nc,",",nearby-cities,origin,phase-data,",21,0.327,0.11,224,md,earthquake,"M 2.2 - 16 km WNW of Bridgeport, California",1120,Point,"[-119.3863333, 38.3356667, -1.735]",1120
0,2.4,"4km NNE of Claremont, CA",638074663530,1454629714060,,https://earthquake.usgs.gov/earthquakes/eventpage/ci1056043,https://earthquake.usgs.gov/fdsnws/event/1/query?eventid=ci1056043&format=geojson,,,,,reviewed,0,89,ci,1056043,",ci1056043,",",ci,",",origin,phase-data,",0,,0.105,42.3,ml,earthquake,"M 2.4 - 4km NNE of Claremont, CA",1121,Point,"[-117.707, 34.131, 4.111]",1121
0,2.06,"3 km ESE of Pittsburg, California",638074462420,1481940695286,,https://earthquake.usgs.gov/earthquakes/eventpage/nc154609,https://earthquake.usgs.gov/fdsnws/event/1/query?eventid=nc154609&format=geojson,,,,,reviewed,0,65,nc,154609,",nc154609,",",nc,",",nearby-cities,origin,phase-data,",20,0.1153,0.42,126,md,earthquake,"M 2.1 - 3 km ESE of Pittsburg, California",1122,Point,"[-121.8456667, 38.0175, 0.342]",1122
0,2.56,"15 km ENE of Hidden Valley Lake, California",638060256350,1481940671870,,https://earthquake.usgs.gov/earthquakes/eventpage/nc154635,https://earthquake.usgs.gov/fdsnws/event/1/query?eventid=nc154635&format=geojson,,,,,reviewed,0,101,nc,154635,",nc154635,",",nc,",",nearby-cities,origin,phase-data,",15,0.05676,0.15,63,md,quarry blast,"M 2.6 Quarry Blast - 15 km ENE of Hidden Valley Lake, California",1123,Point,"[-122.3865, 38.8358333, -0.436]",1123
0,2.03,"18km NE of Ojai, CA",638050940220,1454626957250,,https://earthquake.usgs.gov/earthquakes/eventpage/ci1056016,https://earthquake.usgs.gov/fdsnws/event/1/query?eventid=ci1056016&format=geojson,,,,,reviewed,0,63,ci,1056016,",ci1056016,",",ci,",",origin,phase-data,",0,,0.086,74.9,mc,earthquake,"M 2.0 - 18km NE of Ojai, CA",1124,Point,"[-119.08, 34.544, 1.927]",1124
0,2.41,"7 km WSW of Cobb, California",638017125400,1481940590330,,https://earthquake.usgs.gov/earthquakes/eventpage/nc154583,https://earthquake.usgs.gov/fdsnws/event/1/query?eventid=nc154583&format=geojson,,,,,reviewed,0,89,nc,154583,",nc154583,",",nc,",",focal-mechanism,nearby-cities,origin,phase-data,",30,0.01261,0.03,32,md,earthquake,"M 2.4 - 7 km WSW of Cobb, California",1125,Point,"[-122.8076667, 38.8001667, 3.898]",1125
0,2.44,"6km S of Morongo Valley, CA",638014655350,1454633115940,,https://earthquake.usgs.gov/earthquakes/eventpage/ci1055964,https://earthquake.usgs.gov/fdsnws/event/1/query?eventid=ci1055964&format=geojson,,,,,reviewed,0,92,ci,1055964,",ci1055964,",",ci,",",origin,phase-data,",0,,0.087,45.7,ml,earthquake,"M 2.4 - 6km S of Morongo Valley, CA",1126,Point,"[-116.579, 33.993, 9.437]",1126
0,2.37,"8km ESE of Tehachapi, CA",638009987260,1454625629300,,https://earthquake.usgs.gov/earthquakes/eventpage/ci1055960,https://earthquake.usgs.gov/fdsnws/event/1/query?eventid=ci1055960&format=geojson,,,,,reviewed,0,86,ci,1055960,",ci1055960,",",ci,",",origin,phase-data,",0,,0.102,31.3,mc,earthquake,"M 2.4 - 8km ESE of Tehachapi, CA",1127,Point,"[-118.369, 35.103, 5.964]",1127
0,2.37,"1 km NNW of North Gate, California",637939881320,1481940437060,,https://earthquake.usgs.gov/earthquakes/eventpage/nc154516,https://earthquake.usgs.gov/fdsnws/event/1/query?eventid=nc154516&format=geojson,,,,,reviewed,0,86,nc,154516,",nc154516,usp00046v1,",",nc,us,",",focal-mechanism,impact-text,nearby-cities,origin,phase-data,",37,0.08108,0.07,75,md,earthquake,"M 2.4 - 1 km NNW of North Gate, California",1128,Point,"[-122.0051667, 37.9223333, 14.936]",1128
0,3,"38 km W of Casmalia, California",637930552440,1481940402870,,https://earthquake.usgs.gov/earthquakes/eventpage/nc154511,https://earthquake.usgs.gov/fdsnws/event/1/query?eventid=nc154511&format=geojson,,,,,reviewed,0,138,nc,154511,",nc154511,usp00046uw,ci1055883,",",nc,us,ci,",",focal-mechanism,nearby-cities,origin,phase-data,",49,0.2892,0.42,228,md,earthquake,"M 3.0 - 38 km W of Casmalia, California",1129,Point,"[-120.9418333, 34.7835, 0.94]",1129
0,2.15,"37km SW of Ludlow, CA",637919925070,1454633113620,,https://earthquake.usgs.gov/earthquakes/eventpage/ci1055873,https://earthquake.usgs.gov/fdsnws/event/1/query?eventid=ci1055873&format=geojson,,,,,reviewed,0,71,ci,1055873,",ci1055873,",",ci,",",origin,phase-data,",0,,0.14,91.4,mc,earthquake,"M 2.2 - 37km SW of Ludlow, CA",1130,Point,"[-116.486, 34.523, 4.815]",1130
0,2.07,"10km NNW of Upland, CA",637909167070,1454633113180,,https://earthquake.usgs.gov/earthquakes/eventpage/ci1055869,https://earthquake.usgs.gov/fdsnws/event/1/query?eventid=ci1055869&format=geojson,,,,,reviewed,0,66,ci,1055869,",ci1055869,",",ci,",",origin,phase-data,",0,,0.065,72,mc,earthquake,"M 2.1 - 10km NNW of Upland, CA",1131,Point,"[-117.681, 34.183, 6.056]",1131
0,2.18,"21 km SSE of Tres Pinos, California",637900475560,1481940300150,,https://earthquake.usgs.gov/earthquakes/eventpage/nc154514,https://earthquake.usgs.gov/fdsnws/event/1/query?eventid=nc154514&format=geojson,,,,,reviewed,0,73,nc,154514,",nc154514,",",nc,",",focal-mechanism,nearby-cities,origin,phase-data,",26,0.04144,0.03,44,md,earthquake,"M 2.2 - 21 km SSE of Tres Pinos, California",1132,Point,"[-121.2211667, 36.6145, 4.631]",1132
0,2.8,"3 km NNW of Hollister, California",637891105120,1481940273450,,https://earthquake.usgs.gov/earthquakes/eventpage/nc154520,https://earthquake.usgs.gov/fdsnws/event/1/query?eventid=nc154520&format=geojson,,,,,reviewed,0,121,nc,154520,",nc154520,usp00046uf,",",nc,us,",",focal-mechanism,nearby-cities,origin,phase-data,",86,0.02342,0.08,57,md,earthquake,"M 2.8 - 3 km NNW of Hollister, California",1133,Point,"[-121.4136667, 36.8801667, 7.365]",1133
0,2,"6 km ESE of Coalinga, California",637891073500,1481940262550,,https://earthquake.usgs.gov/earthquakes/eventpage/nc154569,https://earthquake.usgs.gov/fdsnws/event/1/query?eventid=nc154569&format=geojson,,,,,reviewed,0,62,nc,154569,",nc154569,ci677379,",",nc,ci,",",focal-mechanism,nearby-cities,origin,phase-data,",31,0.1099,0.11,56,md,earthquake,"M 2.0 - 6 km ESE of Coalinga, California",1134,Point,"[-120.3016667, 36.1121667, 9.683]",1134
0,2.25,"5 km ESE of Coalinga, California",637890870810,1481940247900,,https://earthquake.usgs.gov/earthquakes/eventpage/nc154497,https://earthquake.usgs.gov/fdsnws/event/1/query?eventid=nc154497&format=geojson,,,,,reviewed,0,78,nc,154497,",nc154497,ci677378,",",nc,ci,",",focal-mechanism,nearby-cities,origin,phase-data,",31,0.1054,0.14,54,md,earthquake,"M 2.3 - 5 km ESE of Coalinga, California",1135,Point,"[-120.308, 36.112, 6.113]",1135
0,2.56,"15 km E of Hidden Valley Lake, California",637887275370,1481940234631,,https://earthquake.usgs.gov/earthquakes/eventpage/nc154496,https://earthquake.usgs.gov/fdsnws/event/1/query?eventid=nc154496&format=geojson,,,,,reviewed,0,101,nc,154496,",nc154496,",",nc,",",nearby-cities,origin,phase-data,",15,0.05315,0.16,63,md,quarry blast,"M 2.6 Quarry Blast - 15 km E of Hidden Valley Lake, California",1136,Point,"[-122.3868333, 38.8285, -0.436]",1136
0,2.76,"5 km WSW of Cobb, California",637884162030,1481940225840,,https://earthquake.usgs.gov/earthquakes/eventpage/nc154495,https://earthquake.usgs.gov/fdsnws/event/1/query?eventid=nc154495&format=geojson,,,,,reviewed,0,117,nc,154495,",nc154495,",",nc,",",focal-mechanism,nearby-cities,origin,phase-data,",45,0.01081,0.08,50,md,earthquake,"M 2.8 - 5 km WSW of Cobb, California",1137,Point,"[-122.7818333, 38.8041667, 0.961]",1137
0,2.17,"3 km SSE of Napa, California",637883088680,1481940215267,,https://earthquake.usgs.gov/earthquakes/eventpage/nc1174157,https://earthquake.usgs.gov/fdsnws/event/1/query?eventid=nc1174157&format=geojson,,,,,reviewed,0,72,nc,1174157,",nc1174157,",",nc,",",nearby-cities,origin,phase-data,",10,0.1658,0.33,100,md,quarry blast,"M 2.2 Quarry Blast - 3 km SSE of Napa, California",1138,Point,"[-122.2738333, 38.2693333, -0.533]",1138
0,2.15,"2 km S of Loyola, California",637871744760,1481940166808,,https://earthquake.usgs.gov/earthquakes/eventpage/nc154517,https://earthquake.usgs.gov/fdsnws/event/1/query?eventid=nc154517&format=geojson,,,,,reviewed,0,71,nc,154517,",nc154517,",",nc,",",nearby-cities,origin,phase-data,",12,0.01081,0.1,91,md,quarry blast,"M 2.2 Quarry Blast - 2 km S of Loyola, California",1139,Point,"[-122.1021667, 37.3261667, -0.292]",1139
0,2.03,"20km N of Santa Barbara Is., CA",637858985270,1454623579080,,https://earthquake.usgs.gov/earthquakes/eventpage/ci677353,https://earthquake.usgs.gov/fdsnws/event/1/query?eventid=ci677353&format=geojson,,,,,reviewed,0,63,ci,677353,",ci677353,",",ci,",",origin,phase-data,",0,,0.101,108.2,mc,earthquake,"M 2.0 - 20km N of Santa Barbara Is., CA",1140,Point,"[-119.081, 33.652, 5.779]",1140
0,2.18,"35km E of Barstow, CA",637851286140,1454628347000,,https://earthquake.usgs.gov/earthquakes/eventpage/ci1055834,https://earthquake.usgs.gov/fdsnws/event/1/query?eventid=ci1055834&format=geojson,,,,,reviewed,0,73,ci,1055834,",ci1055834,",",ci,",",origin,phase-data,",0,,0.145,69.5,mc,earthquake,"M 2.2 - 35km E of Barstow, CA",1141,Point,"[-116.647, 34.847, 5.132]",1141
0,2.04,"10 km E of Mammoth Lakes, California",637841455150,1481940020770,,https://earthquake.usgs.gov/earthquakes/eventpage/nc154459,https://earthquake.usgs.gov/fdsnws/event/1/query?eventid=nc154459&format=geojson,,,,,reviewed,0,64,nc,154459,",nc154459,ci1055831,",",nc,ci,",",focal-mechanism,nearby-cities,origin,phase-data,",32,0.02793,0.06,86,md,earthquake,"M 2.0 - 10 km E of Mammoth Lakes, California",1142,Point,"[-118.8548333, 37.6615, 3.066]",1142
0,2.23,"4km N of Claremont, CA",637837823260,1454623578260,,https://earthquake.usgs.gov/earthquakes/eventpage/ci1055827,https://earthquake.usgs.gov/fdsnws/event/1/query?eventid=ci1055827&format=geojson,,,,,reviewed,0,77,ci,1055827,",ci1055827,",",ci,",",origin,phase-data,",0,,0.125,45.6,ml,earthquake,"M 2.2 - 4km N of Claremont, CA",1143,Point,"[-117.718, 34.13, 7.646]",1143
0,2.06,"7 km WSW of Cobb, California",637834503160,1481939997339,,https://earthquake.usgs.gov/earthquakes/eventpage/nc154457,https://earthquake.usgs.gov/fdsnws/event/1/query?eventid=nc154457&format=geojson,,,,,reviewed,0,65,nc,154457,",nc154457,",",nc,",",nearby-cities,origin,phase-data,",19,0.007207,0.03,37,md,earthquake,"M 2.1 - 7 km WSW of Cobb, California",1144,Point,"[-122.802, 38.8028333, 1.251]",1144
0,2.79,"7 km WSW of Cobb, California",637834312100,1481939984560,,https://earthquake.usgs.gov/earthquakes/eventpage/nc154456,https://earthquake.usgs.gov/fdsnws/event/1/query?eventid=nc154456&format=geojson,,,,,reviewed,0,120,nc,154456,",nc154456,",",nc,",",focal-mechanism,nearby-cities,origin,phase-data,",38,0.009009,0.08,33,md,earthquake,"M 2.8 - 7 km WSW of Cobb, California",1145,Point,"[-122.8036667, 38.8023333, 0.981]",1145
0,2.18,"7 km WSW of Cobb, California",637834291440,1481939976780,,https://earthquake.usgs.gov/earthquakes/eventpage/nc154552,https://earthquake.usgs.gov/fdsnws/event/1/query?eventid=nc154552&format=geojson,,,,,reviewed,0,73,nc,154552,",nc154552,",",nc,",",focal-mechanism,nearby-cities,origin,phase-data,",27,0.008108,0.03,33,md,earthquake,"M 2.2 - 7 km WSW of Cobb, California",1146,Point,"[-122.8036667, 38.803, 1.481]",1146
0,2.1,"7km SE of Wofford Heights, CA",637826843190,1454630411270,,https://earthquake.usgs.gov/earthquakes/eventpage/ci1055824,https://earthquake.usgs.gov/fdsnws/event/1/query?eventid=ci1055824&format=geojson,,,,,reviewed,0,68,ci,1055824,",ci1055824,",",ci,",",origin,phase-data,",0,,0.059,65.2,mc,earthquake,"M 2.1 - 7km SE of Wofford Heights, CA",1147,Point,"[-118.411, 35.658, 3.435]",1147
0,2.15,"10km NNW of Upland, CA",637825488370,1454627643450,,https://earthquake.usgs.gov/earthquakes/eventpage/ci1055823,https://earthquake.usgs.gov/fdsnws/event/1/query?eventid=ci1055823&format=geojson,,,,,reviewed,0,71,ci,1055823,",ci1055823,",",ci,",",origin,phase-data,",0,,0.063,56.2,mc,earthquake,"M 2.2 - 10km NNW of Upland, CA",1148,Point,"[-117.683, 34.184, 5.866]",1148
0,2.04,"2 km NW of North Gate, California",637823248910,1481939933241,,https://earthquake.usgs.gov/earthquakes/eventpage/nc154550,https://earthquake.usgs.gov/fdsnws/event/1/query?eventid=nc154550&format=geojson,,,,,reviewed,0,64,nc,154550,",nc154550,",",nc,",",nearby-cities,origin,phase-data,",18,0.07117,0.11,87,md,earthquake,"M 2.0 - 2 km NW of North Gate, California",1149,Point,"[-122.0176667, 37.924, 14.094]",1149
0,2.29,"17km WSW of Newport Beach, CA",637822052740,1454624275390,,https://earthquake.usgs.gov/earthquakes/eventpage/ci1055820,https://earthquake.usgs.gov/fdsnws/event/1/query?eventid=ci1055820&format=geojson,,,,,reviewed,0,81,ci,1055820,",ci1055820,",",ci,",",origin,phase-data,",0,,0.192,139.4,mc,earthquake,"M 2.3 - 17km WSW of Newport Beach, CA",1150,Point,"[-118.089, 33.54, 15.334]",1150
0,3,"1 km NNW of North Gate, California",637805099660,1481939825330,,https://earthquake.usgs.gov/earthquakes/eventpage/nc154451,https://earthquake.usgs.gov/fdsnws/event/1/query?eventid=nc154451&format=geojson,,,,,reviewed,0,138,nc,154451,",nc154451,usp00046t5,",",nc,us,",",focal-mechanism,impact-text,nearby-cities,origin,phase-data,",64,0.07928,0.11,63,md,earthquake,"M 3.0 - 1 km NNW of North Gate, California",1151,Point,"[-122.0063333, 37.9225, 13.884]",1151
0,2.92,"12 km WNW of Aspen Springs, California",637792882560,1481939787790,,https://earthquake.usgs.gov/earthquakes/eventpage/nc154424,https://earthquake.usgs.gov/fdsnws/event/1/query?eventid=nc154424&format=geojson,,,,,reviewed,0,131,nc,154424,",nc154424,ci1055794,",",nc,ci,",",focal-mechanism,nearby-cities,origin,phase-data,",41,0.01892,0.04,78,md,earthquake,"M 2.9 - 12 km WNW of Aspen Springs, California",1152,Point,"[-118.8493333, 37.588, 6.49]",1152
0,2.16,"5 km WNW of Day Valley, California",637782374470,1481939771250,,https://earthquake.usgs.gov/earthquakes/eventpage/nc154422,https://earthquake.usgs.gov/fdsnws/event/1/query?eventid=nc154422&format=geojson,,,,,reviewed,0,72,nc,154422,",nc154422,",",nc,",",focal-mechanism,nearby-cities,origin,phase-data,",36,0.04324,0.06,60,md,earthquake,"M 2.2 - 5 km WNW of Day Valley, California",1153,Point,"[-121.9123333, 37.0616667, 16.269]",1153
0,2.26,"8km SW of Lytle Creek, CA",637777674190,1454625626960,,https://earthquake.usgs.gov/earthquakes/eventpage/ci1055776,https://earthquake.usgs.gov/fdsnws/event/1/query?eventid=ci1055776&format=geojson,,,,,reviewed,0,79,ci,1055776,",ci1055776,",",ci,",",origin,phase-data,",0,,0.069,64,mc,earthquake,"M 2.3 - 8km SW of Lytle Creek, CA",1154,Point,"[-117.557, 34.201, 9.61]",1154
0,2.54,"10 km ESE of Dos Palos, California",637776852600,1481939751270,,https://earthquake.usgs.gov/earthquakes/eventpage/nc154398,https://earthquake.usgs.gov/fdsnws/event/1/query?eventid=nc154398&format=geojson,,,,,reviewed,0,99,nc,154398,",nc154398,ci1055775,",",nc,ci,",",focal-mechanism,nearby-cities,origin,phase-data,",79,0.355,0.27,120,md,earthquake,"M 2.5 - 10 km ESE of Dos Palos, California",1155,Point,"[-120.522, 36.9426667, 0.8]",1155
0,2.29,"2 km SW of Cambrian Park, California",637773875260,1481939724850,,https://earthquake.usgs.gov/earthquakes/eventpage/nc154419,https://earthquake.usgs.gov/fdsnws/event/1/query?eventid=nc154419&format=geojson,,,,,reviewed,0,81,nc,154419,",nc154419,",",nc,",",focal-mechanism,nearby-cities,origin,phase-data,",66,0.04865,0.12,24,md,earthquake,"M 2.3 - 2 km SW of Cambrian Park, California",1156,Point,"[-121.953, 37.2421667, 0.321]",1156
0,3.34,"6km N of Claremont, CA",637768598120,1454631085370,,https://earthquake.usgs.gov/earthquakes/eventpage/ci1055771,https://earthquake.usgs.gov/fdsnws/event/1/query?eventid=ci1055771&format=geojson,,,,,reviewed,0,172,ci,1055771,",usp00046sp,ci1055771,",",us,ci,",",origin,phase-data,",0,,0.142,41.1,ml,earthquake,"M 3.3 - 6km N of Claremont, CA",1157,Point,"[-117.711, 34.146, 7.506]",1157
0,2.09,"46km WSW of Carlsbad, CA",637756976990,1454628344950,,https://earthquake.usgs.gov/earthquakes/eventpage/ci1055766,https://earthquake.usgs.gov/fdsnws/event/1/query?eventid=ci1055766&format=geojson,,,,,reviewed,0,67,ci,1055766,",ci1055766,",",ci,",",origin,phase-data,",0,,0.189,311.1,mc,earthquake,"M 2.1 - 46km WSW of Carlsbad, CA",1158,Point,"[-117.822, 33.033, 4.921]",1158
0,2.24,"5km SE of Coso Junction, CA",637735392570,1454629005130,,https://earthquake.usgs.gov/earthquakes/eventpage/ci1055756,https://earthquake.usgs.gov/fdsnws/event/1/query?eventid=ci1055756&format=geojson,,,,,reviewed,0,77,ci,1055756,",ci1055756,",",ci,",",origin,phase-data,",0,,0.071,90.9,mc,earthquake,"M 2.2 - 5km SE of Coso Junction, CA",1159,Point,"[-117.912, 36.012, 2.111]",1159
0,2.26,"1 km E of Aromas, California",637721388430,1481939625280,,https://earthquake.usgs.gov/earthquakes/eventpage/nc154403,https://earthquake.usgs.gov/fdsnws/event/1/query?eventid=nc154403&format=geojson,,,,,reviewed,0,79,nc,154403,",nc154403,",",nc,",",focal-mechanism,nearby-cities,origin,phase-data,",74,0.03153,0.08,50,md,earthquake,"M 2.3 - 1 km E of Aromas, California",1160,Point,"[-121.6308333, 36.8898333, 8.328]",1160
0,2.05,"5km NNE of Claremont, CA",637719819210,1454633808590,,https://earthquake.usgs.gov/earthquakes/eventpage/ci1055744,https://earthquake.usgs.gov/fdsnws/event/1/query?eventid=ci1055744&format=geojson,,,,,reviewed,0,65,ci,1055744,",ci1055744,",",ci,",",origin,phase-data,",0,,0.067,67.4,mc,earthquake,"M 2.1 - 5km NNE of Claremont, CA",1161,Point,"[-117.695, 34.139, 4.252]",1161
0,3.61,"3km SW of Fort Irwin, CA",637714896340,1454627640470,,https://earthquake.usgs.gov/earthquakes/eventpage/ci1055738,https://earthquake.usgs.gov/fdsnws/event/1/query?eventid=ci1055738&format=geojson,,,,,reviewed,0,200,ci,1055738,",usp00046rp,ci1055738,",",us,ci,",",origin,phase-data,",0,,0.068,169.5,ml,earthquake,"M 3.6 - 3km SW of Fort Irwin, CA",1162,Point,"[-116.708, 35.248, 10.564]",1162
0,2.2,"8km S of Santa Barbara Is., CA",637709982970,1454628344500,,https://earthquake.usgs.gov/earthquakes/eventpage/ci1055724,https://earthquake.usgs.gov/fdsnws/event/1/query?eventid=ci1055724&format=geojson,,,,,reviewed,0,74,ci,1055724,",ci1055724,",",ci,",",origin,phase-data,",0,,0.233,114.5,mc,earthquake,"M 2.2 - 8km S of Santa Barbara Is., CA",1163,Point,"[-119.073, 33.396, 5.765]",1163
0,2.2,"6km N of Claremont, CA",637692957130,1454624933630,,https://earthquake.usgs.gov/earthquakes/eventpage/ci1055708,https://earthquake.usgs.gov/fdsnws/event/1/query?eventid=ci1055708&format=geojson,,,,,reviewed,0,74,ci,1055708,",ci1055708,",",ci,",",origin,phase-data,",0,,0.057,58,mc,earthquake,"M 2.2 - 6km N of Claremont, CA",1164,Point,"[-117.722, 34.146, 5.346]",1164
0,2.34,"49km SSW of San Clemente, CA",637681118510,1454629003290,,https://earthquake.usgs.gov/earthquakes/eventpage/ci1055701,https://earthquake.usgs.gov/fdsnws/event/1/query?eventid=ci1055701&format=geojson,,,,,reviewed,0,84,ci,1055701,",ci1055701,",",ci,",",origin,phase-data,",0,,0.213,144.2,mc,earthquake,"M 2.3 - 49km SSW of San Clemente, CA",1165,Point,"[-117.866, 33.043, 5.682]",1165
0,2.05,"4km NE of Claremont, CA",637652862610,1454630408480,,https://earthquake.usgs.gov/earthquakes/eventpage/ci1055681,https://earthquake.usgs.gov/fdsnws/event/1/query?eventid=ci1055681&format=geojson,,,,,reviewed,0,65,ci,1055681,",ci1055681,",",ci,",",origin,phase-data,",0,,0.048,75.6,mc,earthquake,"M 2.1 - 4km NE of Claremont, CA",1166,Point,"[-117.693, 34.121, 5.996]",1166
0,2.3,"13km SW of Mojave, CA",637629799910,1454623576360,,https://earthquake.usgs.gov/earthquakes/eventpage/ci1055662,https://earthquake.usgs.gov/fdsnws/event/1/query?eventid=ci1055662&format=geojson,,,,,reviewed,0,81,ci,1055662,",ci1055662,",",ci,",",origin,phase-data,",0,,0.083,121.3,mc,quarry blast,"M 2.3 Quarry Blast - 13km SW of Mojave, CA",1167,Point,"[-118.28, 34.97, -0.923]",1167
0,2.92,"13 km ENE of Hidden Valley Lake, California",637628272230,1481939314040,,https://earthquake.usgs.gov/earthquakes/eventpage/nc154353,https://earthquake.usgs.gov/fdsnws/event/1/query?eventid=nc154353&format=geojson,,,,,reviewed,0,131,nc,154353,",nc154353,",",nc,",",nearby-cities,origin,phase-data,",5,0.04685,0.05,113,md,quarry blast,"M 2.9 Quarry Blast - 13 km ENE of Hidden Valley Lake, California",1168,Point,"[-122.4158333, 38.846, -0.387]",1168
0,2.26,"19 km SW of Williams, California",637626091950,1481939310364,,https://earthquake.usgs.gov/earthquakes/eventpage/nc154352,https://earthquake.usgs.gov/fdsnws/event/1/query?eventid=nc154352&format=geojson,,,,,reviewed,0,79,nc,154352,",nc154352,",",nc,",",nearby-cities,origin,phase-data,",24,0.08919,0.37,95,md,earthquake,"M 2.3 - 19 km SW of Williams, California",1169,Point,"[-122.3103333, 39.0353333, 13.301]",1169
0,2.05,"6km NNE of Claremont, CA",637620162300,1454628343550,,https://earthquake.usgs.gov/earthquakes/eventpage/ci1055619,https://earthquake.usgs.gov/fdsnws/event/1/query?eventid=ci1055619&format=geojson,,,,,reviewed,0,65,ci,1055619,",ci1055619,",",ci,",",origin,phase-data,",0,,0.048,78.5,mc,earthquake,"M 2.1 - 6km NNE of Claremont, CA",1170,Point,"[-117.706, 34.148, 9.046]",1170
0,2.13,"27km NE of Three Rivers, CA",637607928170,1454631778770,,https://earthquake.usgs.gov/earthquakes/eventpage/ci1055562,https://earthquake.usgs.gov/fdsnws/event/1/query?eventid=ci1055562&format=geojson,,,,,reviewed,0,70,ci,1055562,",ci1055562,",",ci,",",origin,phase-data,",0,,0.252,114.5,mc,earthquake,"M 2.1 - 27km NE of Three Rivers, CA",1171,Point,"[-118.686, 36.603, 4.237]",1171
0,2.11,"8km N of Barstow, CA",637593760400,1454629001870,,https://earthquake.usgs.gov/earthquakes/eventpage/ci1055533,https://earthquake.usgs.gov/fdsnws/event/1/query?eventid=ci1055533&format=geojson,,,,,reviewed,0,68,ci,1055533,",ci1055533,",",ci,",",origin,phase-data,",0,,0.077,71.9,mc,earthquake,"M 2.1 - 8km N of Barstow, CA",1172,Point,"[-117.026, 34.974, 2.372]",1172
0,2.35,"27 km NE of Soledad, California",637578777510,1481939171400,,https://earthquake.usgs.gov/earthquakes/eventpage/nc154330,https://earthquake.usgs.gov/fdsnws/event/1/query?eventid=nc154330&format=geojson,,,,,reviewed,0,85,nc,154330,",nc154330,ci1055524,",",nc,ci,",",focal-mechanism,nearby-cities,origin,phase-data,",52,0.03243,0.1,34,md,earthquake,"M 2.4 - 27 km NE of Soledad, California",1173,Point,"[-121.0753333, 36.5631667, 5.481]",1173
0,2.77,"5 km WSW of Cobb, California",637573979630,1481939137950,,https://earthquake.usgs.gov/earthquakes/eventpage/nc154325,https://earthquake.usgs.gov/fdsnws/event/1/query?eventid=nc154325&format=geojson,,,,,reviewed,0,118,nc,154325,",nc154325,",",nc,",",focal-mechanism,nearby-cities,origin,phase-data,",41,0.01532,0.07,36,md,earthquake,"M 2.8 - 5 km WSW of Cobb, California",1174,Point,"[-122.78, 38.7978333, 3.821]",1174
0,2.2,"21 km NE of Potter Valley, California",637553917180,1481939075151,,https://earthquake.usgs.gov/earthquakes/eventpage/nc154301,https://earthquake.usgs.gov/fdsnws/event/1/query?eventid=nc154301&format=geojson,,,,,reviewed,0,74,nc,154301,",nc154301,",",nc,",",nearby-cities,origin,phase-data,",19,0.04955,0.05,81,md,earthquake,"M 2.2 - 21 km NE of Potter Valley, California",1175,Point,"[-122.9245, 39.4458333, 7.896]",1175
0,2.03,"6km N of Claremont, CA",637553027790,1454627638900,,https://earthquake.usgs.gov/earthquakes/eventpage/ci677183,https://earthquake.usgs.gov/fdsnws/event/1/query?eventid=ci677183&format=geojson,,,,,reviewed,0,63,ci,677183,",ci677183,",",ci,",",origin,phase-data,",0,,0.053,77.1,mc,earthquake,"M 2.0 - 6km N of Claremont, CA",1176,Point,"[-117.714, 34.146, 10.486]",1176
0,2,"3 km NE of Coalinga, California",637549588850,1481939067288,,https://earthquake.usgs.gov/earthquakes/eventpage/nc154306,https://earthquake.usgs.gov/fdsnws/event/1/query?eventid=nc154306&format=geojson,,,,,reviewed,0,62,nc,154306,",nc154306,ci1055507,",",nc,ci,",",nearby-cities,origin,phase-data,",25,0.09009,0.05,54,md,earthquake,"M 2.0 - 3 km NE of Coalinga, California",1177,Point,"[-120.3318333, 36.1595, 13.747]",1177
0,2.32,"2 km ENE of Aromas, California",637543910060,1481939048261,,https://earthquake.usgs.gov/earthquakes/eventpage/nc154305,https://earthquake.usgs.gov/fdsnws/event/1/query?eventid=nc154305&format=geojson,,,,,reviewed,0,83,nc,154305,",nc154305,",",nc,",",nearby-cities,origin,phase-data,",47,0.02523,0.18,43,md,quarry blast,"M 2.3 Quarry Blast - 2 km ENE of Aromas, California",1178,Point,"[-121.6191667, 36.8971667, -0.159]",1178
0,2.38,"15 km E of Hidden Valley Lake, California",637541976660,1481939044081,,https://earthquake.usgs.gov/earthquakes/eventpage/nc1174018,https://earthquake.usgs.gov/fdsnws/event/1/query?eventid=nc1174018&format=geojson,,,,,reviewed,0,87,nc,1174018,",nc1174018,",",nc,",",nearby-cities,origin,phase-data,",7,0.05766,0.18,101,md,quarry blast,"M 2.4 Quarry Blast - 15 km E of Hidden Valley Lake, California",1179,Point,"[-122.3778333, 38.8251667, -0.556]",1179
0,3.05,"2km W of Gorman, CA",637540737420,1454629705300,,https://earthquake.usgs.gov/earthquakes/eventpage/ci677174,https://earthquake.usgs.gov/fdsnws/event/1/query?eventid=ci677174&format=geojson,,,,,reviewed,0,143,ci,677174,",ci677174,",",ci,",",origin,phase-data,",0,,0.072,180.6,mc,earthquake,"M 3.1 - 2km W of Gorman, CA",1180,Point,"[-118.879, 34.798, 8.676]",1180
0,2.23,"3 km NE of Coalinga, California",637533938950,1481939035670,,https://earthquake.usgs.gov/earthquakes/eventpage/nc154320,https://earthquake.usgs.gov/fdsnws/event/1/query?eventid=nc154320&format=geojson,,,,,reviewed,0,77,nc,154320,",nc154320,ci1055463,",",nc,ci,",",focal-mechanism,nearby-cities,origin,phase-data,",29,0.09279,0.1,100,md,earthquake,"M 2.2 - 3 km NE of Coalinga, California",1181,Point,"[-120.3291667, 36.157, 11.807]",1181
0,2.08,"45km NE of Holtville, CA",637529318570,1454625623910,,https://earthquake.usgs.gov/earthquakes/eventpage/ci1055452,https://earthquake.usgs.gov/fdsnws/event/1/query?eventid=ci1055452&format=geojson,,,,,reviewed,0,67,ci,1055452,",ci1055452,",",ci,",",origin,phase-data,",0,,0.07,245.4,mc,quarry blast,"M 2.1 Quarry Blast - 45km NE of Holtville, CA",1182,Point,"[-115, 33.06, -0.16]",1182
0,3.7,"5 km WNW of Cobb, California",637528792340,1481938953780,,https://earthquake.usgs.gov/earthquakes/eventpage/nc1174003,https://earthquake.usgs.gov/fdsnws/event/1/query?eventid=nc1174003&format=geojson,,,,,reviewed,0,211,nc,1174003,",nc1174003,usp00046na,",",nc,us,",",focal-mechanism,impact-text,nearby-cities,origin,phase-data,",32,0.03333,0.07,65,ml,earthquake,"M 3.7 - 5 km WNW of Cobb, California",1183,Point,"[-122.788, 38.8405, 1.391]",1183
0,2.14,"8km NNE of La Verne, CA",637522338010,1454628342650,,https://earthquake.usgs.gov/earthquakes/eventpage/ci1055445,https://earthquake.usgs.gov/fdsnws/event/1/query?eventid=ci1055445&format=geojson,,,,,reviewed,0,70,ci,1055445,",ci1055445,",",ci,",",origin,phase-data,",0,,0.07,65.5,mc,earthquake,"M 2.1 - 8km NNE of La Verne, CA",1184,Point,"[-117.736, 34.167, 9.176]",1184
0,2.34,"4km NNE of Claremont, CA",637463423310,1454624931820,,https://earthquake.usgs.gov/earthquakes/eventpage/ci1055391,https://earthquake.usgs.gov/fdsnws/event/1/query?eventid=ci1055391&format=geojson,,,,,reviewed,0,84,ci,1055391,",ci1055391,",",ci,",",origin,phase-data,",0,,0.065,68.2,mc,earthquake,"M 2.3 - 4km NNE of Claremont, CA",1185,Point,"[-117.709, 34.128, 4.722]",1185
0,2.43,"11km NNW of Upland, CA",637463404110,1454626289830,,https://earthquake.usgs.gov/earthquakes/eventpage/ci141079,https://earthquake.usgs.gov/fdsnws/event/1/query?eventid=ci141079&format=geojson,,,,,reviewed,0,91,ci,141079,",ci141079,",",ci,",",origin,phase-data,",0,,0.048,120.7,mh,earthquake,"M 2.4 - 11km NNW of Upland, CA",1186,Point,"[-117.678, 34.191, 6.206]",1186
0,2.54,"14 km E of Hidden Valley Lake, California",637455486060,1481938820310,,https://earthquake.usgs.gov/earthquakes/eventpage/nc154277,https://earthquake.usgs.gov/fdsnws/event/1/query?eventid=nc154277&format=geojson,,,,,reviewed,0,99,nc,154277,",nc154277,",",nc,",",nearby-cities,origin,phase-data,",8,0.04955,0.03,151,md,quarry blast,"M 2.5 Quarry Blast - 14 km E of Hidden Valley Lake, California",1187,Point,"[-122.3896667, 38.8253333, -0.436]",1187
0,2.23,"13km W of Mojave, CA",637454355910,1454624272260,,https://earthquake.usgs.gov/earthquakes/eventpage/ci1055379,https://earthquake.usgs.gov/fdsnws/event/1/query?eventid=ci1055379&format=geojson,,,,,reviewed,0,77,ci,1055379,",ci1055379,",",ci,",",origin,phase-data,",0,,0.241,39.1,mc,quarry blast,"M 2.2 Quarry Blast - 13km W of Mojave, CA",1188,Point,"[-118.32, 35.05, -1.044]",1188
0,2.65,"5 km SSE of Lexington Hills, California",637451993040,1481938807740,,https://earthquake.usgs.gov/earthquakes/eventpage/nc154290,https://earthquake.usgs.gov/fdsnws/event/1/query?eventid=nc154290&format=geojson,,,,,reviewed,0,108,nc,154290,",nc154290,usp00046m7,",",nc,us,",",focal-mechanism,nearby-cities,origin,phase-data,",81,0.04775,0.1,56,md,earthquake,"M 2.7 - 5 km SSE of Lexington Hills, California",1189,Point,"[-121.9415, 37.1225, 9.945]",1189
0,2.05,"25km ESE of Lone Pine, CA",637449832400,1454629703400,,https://earthquake.usgs.gov/earthquakes/eventpage/ci1055371,https://earthquake.usgs.gov/fdsnws/event/1/query?eventid=ci1055371&format=geojson,,,,,reviewed,0,65,ci,1055371,",ci1055371,",",ci,",",origin,phase-data,",0,,0.135,294,mc,earthquake,"M 2.1 - 25km ESE of Lone Pine, CA",1190,Point,"[-117.819, 36.48, 4.447]",1190
0,2.04,"5km NNE of Claremont, CA",637447662290,1454626288900,,https://earthquake.usgs.gov/earthquakes/eventpage/ci1055366,https://earthquake.usgs.gov/fdsnws/event/1/query?eventid=ci1055366&format=geojson,,,,,reviewed,0,64,ci,1055366,",ci1055366,",",ci,",",origin,phase-data,",0,,0.09,49.2,mc,earthquake,"M 2.0 - 5km NNE of Claremont, CA",1191,Point,"[-117.699, 34.136, 4.252]",1191
0,2.47,"19km NE of Lucerne Valley, CA",637445197720,1454627636950,,https://earthquake.usgs.gov/earthquakes/eventpage/ci1055364,https://earthquake.usgs.gov/fdsnws/event/1/query?eventid=ci1055364&format=geojson,,,,,reviewed,0,94,ci,1055364,",ci1055364,",",ci,",",origin,phase-data,",0,,0.073,151.9,mc,earthquake,"M 2.5 - 19km NE of Lucerne Valley, CA",1192,Point,"[-116.849, 34.583, -0.533]",1192
0,2.04,"3km NNE of Claremont, CA",637444921690,1454624271650,,https://earthquake.usgs.gov/earthquakes/eventpage/ci1055361,https://earthquake.usgs.gov/fdsnws/event/1/query?eventid=ci1055361&format=geojson,,,,,reviewed,0,64,ci,1055361,",ci1055361,",",ci,",",origin,phase-data,",0,,0.105,34.4,mc,earthquake,"M 2.0 - 3km NNE of Claremont, CA",1193,Point,"[-117.71, 34.124, 4.122]",1193
0,2.1,"3km NNE of Claremont, CA",637434794760,1454625622610,,https://earthquake.usgs.gov/earthquakes/eventpage/ci1055338,https://earthquake.usgs.gov/fdsnws/event/1/query?eventid=ci1055338&format=geojson,,,,,reviewed,0,68,ci,1055338,",ci1055338,",",ci,",",origin,phase-data,",0,,0.047,71.8,mc,earthquake,"M 2.1 - 3km NNE of Claremont, CA",1194,Point,"[-117.708, 34.121, 4.016]",1194
0,2.5,"1 km NNE of Meadow Valley, California",637407212060,1481938712151,,https://earthquake.usgs.gov/earthquakes/eventpage/nc1173963,https://earthquake.usgs.gov/fdsnws/event/1/query?eventid=nc1173963&format=geojson,,,,,reviewed,0,96,nc,1173963,",nc1173963,",",nc,",",nearby-cities,origin,phase-data,",5,0.4324,0.01,306,md,earthquake,"M 2.5 - 1 km NNE of Meadow Valley, California",1195,Point,"[-121.0495, 39.9441667, 4.334]",1195
0,2.2,"8 km NNE of Dixon Lane-Meadow Creek, California",637405995030,1481938699380,,https://earthquake.usgs.gov/earthquakes/eventpage/nc154245,https://earthquake.usgs.gov/fdsnws/event/1/query?eventid=nc154245&format=geojson,,,,,reviewed,0,74,nc,154245,",nc154245,ci1055294,",",nc,ci,",",focal-mechanism,nearby-cities,origin,phase-data,",39,0.04505,0.06,79,md,earthquake,"M 2.2 - 8 km NNE of Dixon Lane-Meadow Creek, California",1196,Point,"[-118.3851667, 37.4576667, 10.61]",1196
0,2.07,"10km NNW of Upland, CA",637389741190,1454628339730,,https://earthquake.usgs.gov/earthquakes/eventpage/ci1055281,https://earthquake.usgs.gov/fdsnws/event/1/query?eventid=ci1055281&format=geojson,,,,,reviewed,0,66,ci,1055281,",ci1055281,",",ci,",",origin,phase-data,",0,,0.055,73.1,mc,earthquake,"M 2.1 - 10km NNW of Upland, CA",1197,Point,"[-117.681, 34.183, 6.076]",1197
0,2,"8km NNE of Pala, CA",637388946070,1454628339260,,https://earthquake.usgs.gov/earthquakes/eventpage/ci1055279,https://earthquake.usgs.gov/fdsnws/event/1/query?eventid=ci1055279&format=geojson,,,,,reviewed,0,62,ci,1055279,",ci1055279,",",ci,",",origin,phase-data,",0,,0.078,74,mc,earthquake,"M 2.0 - 8km NNE of Pala, CA",1198,Point,"[-117.032, 33.432, 6.514]",1198
0,2.01,"2km SSE of Charter Oak, CA",637381687570,1454633805690,,https://earthquake.usgs.gov/earthquakes/eventpage/ci1055266,https://earthquake.usgs.gov/fdsnws/event/1/query?eventid=ci1055266&format=geojson,,,,,reviewed,0,62,ci,1055266,",ci1055266,",",ci,",",origin,phase-data,",0,,0.092,166.5,mc,earthquake,"M 2.0 - 2km SSE of Charter Oak, CA",1199,Point,"[-117.84, 34.082, 12.285]",1199
0,2.03,"22km ESE of Anza, CA",637378268600,1454626951200,,https://earthquake.usgs.gov/earthquakes/eventpage/ci1055264,https://earthquake.usgs.gov/fdsnws/event/1/query?eventid=ci1055264&format=geojson,,,,,reviewed,0,63,ci,1055264,",ci1055264,",",ci,",",origin,phase-data,",0,,0.133,41.1,mc,earthquake,"M 2.0 - 22km ESE of Anza, CA",1200,Point,"[-116.45, 33.504, 8.098]",1200
0,2.17,"13km SW of Mojave, CA",637374542240,1454633805230,,https://earthquake.usgs.gov/earthquakes/eventpage/ci1055251,https://earthquake.usgs.gov/fdsnws/event/1/query?eventid=ci1055251&format=geojson,,,,,reviewed,0,72,ci,1055251,",ci1055251,",",ci,",",origin,phase-data,",0,,0.118,160.7,mc,quarry blast,"M 2.2 Quarry Blast - 13km SW of Mojave, CA",1201,Point,"[-118.28, 34.97, -1.044]",1201
0,2.01,"5km N of Claremont, CA",637373060510,1454627634600,,https://earthquake.usgs.gov/earthquakes/eventpage/ci1055241,https://earthquake.usgs.gov/fdsnws/event/1/query?eventid=ci1055241&format=geojson,,,,,reviewed,0,62,ci,1055241,",ci1055241,",",ci,",",origin,phase-data,",0,,0.048,80.1,mc,earthquake,"M 2.0 - 5km N of Claremont, CA",1202,Point,"[-117.71, 34.142, 12.236]",1202
0,2.09,"13 km ENE of East Foothills, California",637368362850,1481938585077,,https://earthquake.usgs.gov/earthquakes/eventpage/nc154224,https://earthquake.usgs.gov/fdsnws/event/1/query?eventid=nc154224&format=geojson,,,,,reviewed,0,67,nc,154224,",nc154224,",",nc,",",nearby-cities,origin,phase-data,",9,0.04054,0.02,87,md,earthquake,"M 2.1 - 13 km ENE of East Foothills, California",1203,Point,"[-121.6816667, 37.4438333, 5.912]",1203
0,2.37,"3 km SSE of Piedmont, California",637362551150,1481938568720,,https://earthquake.usgs.gov/earthquakes/eventpage/nc154222,https://earthquake.usgs.gov/fdsnws/event/1/query?eventid=nc154222&format=geojson,,,,,reviewed,0,86,nc,154222,",nc154222,usp00046jm,",",nc,us,",",focal-mechanism,nearby-cities,origin,phase-data,",56,0.03153,0.06,37,md,earthquake,"M 2.4 - 3 km SSE of Piedmont, California",1204,Point,"[-122.2145, 37.7923333, 9.13]",1204
0,2.23,"5km N of Claremont, CA",637360250840,1454631776240,,https://earthquake.usgs.gov/earthquakes/eventpage/ci1055216,https://earthquake.usgs.gov/fdsnws/event/1/query?eventid=ci1055216&format=geojson,,,,,reviewed,0,77,ci,1055216,",ci1055216,",",ci,",",origin,phase-data,",0,,0.063,64.3,mc,earthquake,"M 2.2 - 5km N of Claremont, CA",1205,Point,"[-117.71, 34.138, 4.826]",1205
0,2.12,"21km ESE of Anza, CA",637355912200,1454628338840,,https://earthquake.usgs.gov/earthquakes/eventpage/ci1055197,https://earthquake.usgs.gov/fdsnws/event/1/query?eventid=ci1055197&format=geojson,,,,,reviewed,0,69,ci,1055197,",ci1055197,",",ci,",",origin,phase-data,",0,,0.133,42.9,mc,earthquake,"M 2.1 - 21km ESE of Anza, CA",1206,Point,"[-116.451, 33.508, 7.718]",1206
0,2.29,"4km N of Claremont, CA",637321424270,1454624269800,,https://earthquake.usgs.gov/earthquakes/eventpage/ci1055153,https://earthquake.usgs.gov/fdsnws/event/1/query?eventid=ci1055153&format=geojson,,,,,reviewed,0,81,ci,1055153,",ci1055153,",",ci,",",origin,phase-data,",0,,0.215,49.7,mc,earthquake,"M 2.3 - 4km N of Claremont, CA",1207,Point,"[-117.712, 34.135, 6.626]",1207
0,2.21,"6km NNE of Claremont, CA",637319518960,1454631775310,,https://earthquake.usgs.gov/earthquakes/eventpage/ci1055149,https://earthquake.usgs.gov/fdsnws/event/1/query?eventid=ci1055149&format=geojson,,,,,reviewed,0,75,ci,1055149,",ci1055149,",",ci,",",origin,phase-data,",0,,0.042,80.1,mc,earthquake,"M 2.2 - 6km NNE of Claremont, CA",1208,Point,"[-117.703, 34.146, 3.796]",1208
0,2.66,"2km N of Claremont, CA",637312256550,1454633803280,,https://earthquake.usgs.gov/earthquakes/eventpage/ci1055141,https://earthquake.usgs.gov/fdsnws/event/1/query?eventid=ci1055141&format=geojson,,,,,reviewed,0,109,ci,1055141,",ci1055141,",",ci,",",origin,phase-data,",0,,0.118,33.8,ml,earthquake,"M 2.7 - 2km N of Claremont, CA",1209,Point,"[-117.723, 34.119, 3.702]",1209
0,2.31,"12 km SE of Mammoth Lakes, California",637310476150,1481938485180,,https://earthquake.usgs.gov/earthquakes/eventpage/nc154211,https://earthquake.usgs.gov/fdsnws/event/1/query?eventid=nc154211&format=geojson,,,,,reviewed,0,82,nc,154211,",nc154211,ci1055140,",",nc,ci,",",focal-mechanism,nearby-cities,origin,phase-data,",38,0.03243,0.04,110,md,earthquake,"M 2.3 - 12 km SE of Mammoth Lakes, California",1210,Point,"[-118.8696667, 37.5771667, 4.84]",1210
0,3.3,"3 km SW of Hollister, California",637298282680,1481938458050,,https://earthquake.usgs.gov/earthquakes/eventpage/nc10090932,https://earthquake.usgs.gov/fdsnws/event/1/query?eventid=nc10090932&format=geojson,,,,,reviewed,0,168,nc,10090932,",nc10090932,usp00046hp,",",nc,us,",",focal-mechanism,nearby-cities,origin,phase-data,",100,0.02793,0.26,29,ml,earthquake,"M 3.3 - 3 km SW of Hollister, California",1211,Point,"[-121.4246667, 36.8326667, 7.998]",1211
0,2.01,Northern California,637295924920,1481938444751,,https://earthquake.usgs.gov/earthquakes/eventpage/nc154206,https://earthquake.usgs.gov/fdsnws/event/1/query?eventid=nc154206&format=geojson,,,,,reviewed,0,62,nc,154206,",nc154206,",",nc,",",nearby-cities,origin,phase-data,",20,0.01081,0.06,83,md,earthquake,M 2.0 - Northern California,1212,Point,"[-122.7818333, 38.8046667, 0.941]",1212
0,2,"15km N of Fillmore, CA",637291978000,1454629701340,,https://earthquake.usgs.gov/earthquakes/eventpage/ci1055115,https://earthquake.usgs.gov/fdsnws/event/1/query?eventid=ci1055115&format=geojson,,,,,reviewed,0,62,ci,1055115,",ci1055115,",",ci,",",origin,phase-data,",0,,0.074,95.2,mc,earthquake,"M 2.0 - 15km N of Fillmore, CA",1213,Point,"[-118.938, 34.537, 18.622]",1213
0,2.06,"22km WNW of Desert Center, CA",637289864550,1454626949920,,https://earthquake.usgs.gov/earthquakes/eventpage/ci1055112,https://earthquake.usgs.gov/fdsnws/event/1/query?eventid=ci1055112&format=geojson,,,,,reviewed,0,65,ci,1055112,",ci1055112,",",ci,",",origin,phase-data,",0,,0.123,118.9,mc,earthquake,"M 2.1 - 22km WNW of Desert Center, CA",1214,Point,"[-115.622, 33.773, 2.87]",1214
0,2,"6km N of Claremont, CA",637284174680,1454629700820,,https://earthquake.usgs.gov/earthquakes/eventpage/ci1055105,https://earthquake.usgs.gov/fdsnws/event/1/query?eventid=ci1055105&format=geojson,,,,,reviewed,0,62,ci,1055105,",ci1055105,",",ci,",",origin,phase-data,",0,,0.071,64.2,mc,earthquake,"M 2.0 - 6km N of Claremont, CA",1215,Point,"[-117.713, 34.149, 3.816]",1215
0,2.42,"6 km S of Gilroy, California",637279521490,1481938385380,,https://earthquake.usgs.gov/earthquakes/eventpage/nc154194,https://earthquake.usgs.gov/fdsnws/event/1/query?eventid=nc154194&format=geojson,,,,,reviewed,0,90,nc,154194,",nc154194,",",nc,",",focal-mechanism,nearby-cities,origin,phase-data,",87,0.02162,0.25,29,md,earthquake,"M 2.4 - 6 km S of Gilroy, California",1216,Point,"[-121.557, 36.9516667, 5.772]",1216
0,2.13,"3 km S of Loyola, California",637277468980,1481938378322,,https://earthquake.usgs.gov/earthquakes/eventpage/nc154185,https://earthquake.usgs.gov/fdsnws/event/1/query?eventid=nc154185&format=geojson,,,,,reviewed,0,70,nc,154185,",nc154185,",",nc,",",nearby-cities,origin,phase-data,",20,0.01171,0.06,40,md,quarry blast,"M 2.1 Quarry Blast - 3 km S of Loyola, California",1217,Point,"[-122.0988333, 37.3236667, -0.292]",1217
0,2.04,"4km NNE of Claremont, CA",637257569610,1454633106190,,https://earthquake.usgs.gov/earthquakes/eventpage/ci1055069,https://earthquake.usgs.gov/fdsnws/event/1/query?eventid=ci1055069&format=geojson,,,,,reviewed,0,64,ci,1055069,",ci1055069,",",ci,",",origin,phase-data,",0,,0.048,71.2,mc,earthquake,"M 2.0 - 4km NNE of Claremont, CA",1218,Point,"[-117.702, 34.126, 3.876]",1218
0,2.16,"29 km SW of South Dos Palos, California",637255518710,1481938320820,,https://earthquake.usgs.gov/earthquakes/eventpage/nc154178,https://earthquake.usgs.gov/fdsnws/event/1/query?eventid=nc154178&format=geojson,,,,,reviewed,0,72,nc,154178,",nc154178,",",nc,",",focal-mechanism,nearby-cities,origin,phase-data,",39,0.1234,0.06,182,md,earthquake,"M 2.2 - 29 km SW of South Dos Palos, California",1219,Point,"[-120.8726667, 36.7681667, 4.247]",1219
0,2.65,"4 km W of Cobb, California",637255032490,1481938305780,,https://earthquake.usgs.gov/earthquakes/eventpage/nc154177,https://earthquake.usgs.gov/fdsnws/event/1/query?eventid=nc154177&format=geojson,,,,,reviewed,0,108,nc,154177,",nc154177,",",nc,",",focal-mechanism,nearby-cities,origin,phase-data,",45,0.01802,0.09,58,md,earthquake,"M 2.7 - 4 km W of Cobb, California",1220,Point,"[-122.7791667, 38.8206667, 1.401]",1220
0,2.07,"3km NNE of Claremont, CA",637249941820,1454633801900,,https://earthquake.usgs.gov/earthquakes/eventpage/ci1055058,https://earthquake.usgs.gov/fdsnws/event/1/query?eventid=ci1055058&format=geojson,,,,,reviewed,0,66,ci,1055058,",ci1055058,",",ci,",",origin,phase-data,",0,,0.087,50.1,mc,earthquake,"M 2.1 - 3km NNE of Claremont, CA",1221,Point,"[-117.703, 34.122, 3.402]",1221
0,2,"13 km N of Princeton, California",637245538710,1481938254821,,https://earthquake.usgs.gov/earthquakes/eventpage/nc154169,https://earthquake.usgs.gov/fdsnws/event/1/query?eventid=nc154169&format=geojson,,,,,reviewed,0,62,nc,154169,",nc154169,",",nc,",",nearby-cities,origin,phase-data,",15,0.2829,0.09,232,md,earthquake,"M 2.0 - 13 km N of Princeton, California",1222,Point,"[-122.0018333, 39.5288333, 20.178]",1222
0,3.06,"4km NNE of Claremont, CA",637241376210,1454628335880,,https://earthquake.usgs.gov/earthquakes/eventpage/ci1055048,https://earthquake.usgs.gov/fdsnws/event/1/query?eventid=ci1055048&format=geojson,,,,,reviewed,0,144,ci,1055048,",usp00046gj,ci1055048,",",us,ci,",",origin,phase-data,",0,,0.116,34.9,ml,earthquake,"M 3.1 - 4km NNE of Claremont, CA",1223,Point,"[-117.7, 34.126, 3.052]",1223
0,3.36,"4km NNE of Claremont, CA",637241171000,1454625620560,,https://earthquake.usgs.gov/earthquakes/eventpage/ci1055047,https://earthquake.usgs.gov/fdsnws/event/1/query?eventid=ci1055047&format=geojson,,,,,reviewed,0,174,ci,1055047,",usp00046gh,ci1055047,",",us,ci,",",origin,phase-data,",0,,0.103,34.9,ml,earthquake,"M 3.4 - 4km NNE of Claremont, CA",1224,Point,"[-117.7, 34.127, 3.642]",1224
0,2.09,"2 km S of Mammoth Lakes, California",637240148620,1481938222760,,https://earthquake.usgs.gov/earthquakes/eventpage/nc154163,https://earthquake.usgs.gov/fdsnws/event/1/query?eventid=nc154163&format=geojson,,,,,reviewed,0,67,nc,154163,",nc154163,ci1055045,",",nc,ci,",",focal-mechanism,nearby-cities,origin,phase-data,",35,0.008108,0.06,112,md,earthquake,"M 2.1 - 2 km S of Mammoth Lakes, California",1225,Point,"[-118.97, 37.6245, 5.619]",1225
0,2.2,"12km NE of Indio, CA",637238307330,1454627631000,,https://earthquake.usgs.gov/earthquakes/eventpage/ci1055042,https://earthquake.usgs.gov/fdsnws/event/1/query?eventid=ci1055042&format=geojson,,,,,reviewed,0,74,ci,1055042,",ci1055042,",",ci,",",origin,phase-data,",0,,0.073,75.6,mc,earthquake,"M 2.2 - 12km NE of Indio, CA",1226,Point,"[-116.108, 33.787, 3.462]",1226
0,2.21,"6 km WSW of Cobb, California",637237366000,1481938210600,,https://earthquake.usgs.gov/earthquakes/eventpage/nc154187,https://earthquake.usgs.gov/fdsnws/event/1/query?eventid=nc154187&format=geojson,,,,,reviewed,0,75,nc,154187,",nc154187,",",nc,",",focal-mechanism,nearby-cities,origin,phase-data,",26,0.002703,0.06,50,md,earthquake,"M 2.2 - 6 km WSW of Cobb, California",1227,Point,"[-122.7916667, 38.8075, 0.391]",1227
0,2.45,"6 km WSW of Cobb, California",637237262500,1481938203050,,https://earthquake.usgs.gov/earthquakes/eventpage/nc154151,https://earthquake.usgs.gov/fdsnws/event/1/query?eventid=nc154151&format=geojson,,,,,reviewed,0,92,nc,154151,",nc154151,",",nc,",",focal-mechanism,nearby-cities,origin,phase-data,",29,0.003604,0.06,49,md,earthquake,"M 2.5 - 6 km WSW of Cobb, California",1228,Point,"[-122.7906667, 38.8066667, -0.019]",1228
0,2.66,"4km NNE of Claremont, CA",637232646020,1454632451050,,https://earthquake.usgs.gov/earthquakes/eventpage/ci1055039,https://earthquake.usgs.gov/fdsnws/event/1/query?eventid=ci1055039&format=geojson,,,,,reviewed,0,109,ci,1055039,",ci1055039,",",ci,",",origin,phase-data,",0,,0.12,38.7,ml,earthquake,"M 2.7 - 4km NNE of Claremont, CA",1229,Point,"[-117.698, 34.129, 3.172]",1229
0,2.13,"17km N of Oildale, CA",637205988560,1454627630460,,https://earthquake.usgs.gov/earthquakes/eventpage/ci1055020,https://earthquake.usgs.gov/fdsnws/event/1/query?eventid=ci1055020&format=geojson,,,,,reviewed,0,70,ci,1055020,",ci1055020,",",ci,",",origin,phase-data,",0,,0.123,167.8,mc,earthquake,"M 2.1 - 17km N of Oildale, CA",1230,Point,"[-119.05, 35.573, 4.786]",1230
0,2.44,"5km NE of Villa Park, CA",637204290050,1454632450020,,https://earthquake.usgs.gov/earthquakes/eventpage/ci1055016,https://earthquake.usgs.gov/fdsnws/event/1/query?eventid=ci1055016&format=geojson,,,,,reviewed,0,92,ci,1055016,",ci1055016,",",ci,",",origin,phase-data,",0,,0.107,60.7,mc,earthquake,"M 2.4 - 5km NE of Villa Park, CA",1231,Point,"[-117.781, 33.846, 4.979]",1231
0,2.83,"16 km NNW of Coalinga, California",637177647920,1481938034260,,https://earthquake.usgs.gov/earthquakes/eventpage/nc154192,https://earthquake.usgs.gov/fdsnws/event/1/query?eventid=nc154192&format=geojson,,,,,reviewed,0,123,nc,154192,",nc154192,ci1054992,usp00046fd,",",nc,ci,us,",",focal-mechanism,nearby-cities,origin,phase-data,",46,0.06306,0.08,71,md,earthquake,"M 2.8 - 16 km NNW of Coalinga, California",1232,Point,"[-120.4128333, 36.2836667, 9.058]",1232
0,2.67,"8 km W of Cobb, California",637165161120,1481938003710,,https://earthquake.usgs.gov/earthquakes/eventpage/nc154126,https://earthquake.usgs.gov/fdsnws/event/1/query?eventid=nc154126&format=geojson,,,,,reviewed,0,110,nc,154126,",nc154126,",",nc,",",focal-mechanism,nearby-cities,origin,phase-data,",34,0.03153,0.08,36,md,earthquake,"M 2.7 - 8 km W of Cobb, California",1233,Point,"[-122.825, 38.8286667, 0.086]",1233
0,2.44,"15 km E of Seven Trees, California",637156354830,1481937975020,,https://earthquake.usgs.gov/earthquakes/eventpage/nc154124,https://earthquake.usgs.gov/fdsnws/event/1/query?eventid=nc154124&format=geojson,,,,,reviewed,0,92,nc,154124,",nc154124,",",nc,",",focal-mechanism,nearby-cities,origin,phase-data,",78,0.03063,0.04,44,md,earthquake,"M 2.4 - 15 km E of Seven Trees, California",1234,Point,"[-121.6663333, 37.2881667, 5.543]",1234
0,2.22,"4km NNE of Claremont, CA",637151624880,1454629698060,,https://earthquake.usgs.gov/earthquakes/eventpage/ci1054976,https://earthquake.usgs.gov/fdsnws/event/1/query?eventid=ci1054976&format=geojson,,,,,reviewed,0,76,ci,1054976,",ci1054976,",",ci,",",origin,phase-data,",0,,0.067,38.5,mc,earthquake,"M 2.2 - 4km NNE of Claremont, CA",1235,Point,"[-117.7, 34.126, 7.362]",1235
0,2.02,"6km NNE of Claremont, CA",637149611790,1454633798620,,https://earthquake.usgs.gov/earthquakes/eventpage/ci1054974,https://earthquake.usgs.gov/fdsnws/event/1/query?eventid=ci1054974&format=geojson,,,,,reviewed,0,63,ci,1054974,",ci1054974,",",ci,",",origin,phase-data,",0,,0.053,63.3,mc,earthquake,"M 2.0 - 6km NNE of Claremont, CA",1236,Point,"[-117.704, 34.154, 9.786]",1236
0,2.45,"4km N of Yorba Linda, CA",637147436410,1454628332710,,https://earthquake.usgs.gov/earthquakes/eventpage/ci1054972,https://earthquake.usgs.gov/fdsnws/event/1/query?eventid=ci1054972&format=geojson,,,,,reviewed,0,92,ci,1054972,",ci1054972,",",ci,",",origin,phase-data,",0,,0.197,36.9,mc,earthquake,"M 2.5 - 4km N of Yorba Linda, CA",1237,Point,"[-117.805, 33.923, 14.279]",1237
0,2.1,"5 km ESE of Interlaken, California",637141887590,1481937902570,,https://earthquake.usgs.gov/earthquakes/eventpage/nc154115,https://earthquake.usgs.gov/fdsnws/event/1/query?eventid=nc154115&format=geojson,,,,,reviewed,0,68,nc,154115,",nc154115,",",nc,",",focal-mechanism,nearby-cities,origin,phase-data,",51,0.01532,0.08,59,md,earthquake,"M 2.1 - 5 km ESE of Interlaken, California",1238,Point,"[-121.6763333, 36.9411667, 4.854]",1238
0,2.65,"6km W of Santa Barbara Is., CA",637128058000,1454628995400,,https://earthquake.usgs.gov/earthquakes/eventpage/ci1054956,https://earthquake.usgs.gov/fdsnws/event/1/query?eventid=ci1054956&format=geojson,,,,,reviewed,0,108,ci,1054956,",ci1054956,",",ci,",",origin,phase-data,",0,,0.264,99.1,ml,earthquake,"M 2.7 - 6km W of Santa Barbara Is., CA",1239,Point,"[-119.132, 33.474, 5.774]",1239
0,2.34,"45km WSW of Carlsbad, CA",637127979680,1454623568520,,https://earthquake.usgs.gov/earthquakes/eventpage/ci1054955,https://earthquake.usgs.gov/fdsnws/event/1/query?eventid=ci1054955&format=geojson,,,,,reviewed,0,84,ci,1054955,",ci1054955,",",ci,",",origin,phase-data,",0,,0.318,147.6,mc,earthquake,"M 2.3 - 45km WSW of Carlsbad, CA",1240,Point,"[-117.805, 33.012, 5.671]",1240
0,2.11,"6km N of Claremont, CA",637126159320,1454627628190,,https://earthquake.usgs.gov/earthquakes/eventpage/ci1054951,https://earthquake.usgs.gov/fdsnws/event/1/query?eventid=ci1054951&format=geojson,,,,,reviewed,0,68,ci,1054951,",ci1054951,",",ci,",",origin,phase-data,",0,,0.076,43.4,mc,earthquake,"M 2.1 - 6km N of Claremont, CA",1241,Point,"[-117.72, 34.152, 6.676]",1241
0,2.79,"21km ESE of Bodfish, CA",637124588060,1454626284900,,https://earthquake.usgs.gov/earthquakes/eventpage/ci1054946,https://earthquake.usgs.gov/fdsnws/event/1/query?eventid=ci1054946&format=geojson,,,,,reviewed,0,120,ci,1054946,",ci1054946,",",ci,",",origin,phase-data,",0,,0.079,41.4,mc,earthquake,"M 2.8 - 21km ESE of Bodfish, CA",1242,Point,"[-118.293, 35.492, 8.532]",1242
0,2.05,"6km NNE of Claremont, CA",637123081800,1454632449510,,https://earthquake.usgs.gov/earthquakes/eventpage/ci1054945,https://earthquake.usgs.gov/fdsnws/event/1/query?eventid=ci1054945&format=geojson,,,,,reviewed,0,65,ci,1054945,",ci1054945,",",ci,",",origin,phase-data,",0,,0.096,114.4,mc,earthquake,"M 2.1 - 6km NNE of Claremont, CA",1243,Point,"[-117.7, 34.151, 2.746]",1243
0,2.06,"4km WNW of Upland, CA",637122304190,1454623568210,,https://earthquake.usgs.gov/earthquakes/eventpage/ci1054944,https://earthquake.usgs.gov/fdsnws/event/1/query?eventid=ci1054944&format=geojson,,,,,reviewed,0,65,ci,1054944,",ci1054944,",",ci,",",origin,phase-data,",0,,0.071,79.5,mc,earthquake,"M 2.1 - 4km WNW of Upland, CA",1244,Point,"[-117.683, 34.116, 3.666]",1244
0,2.02,"4km NNE of Claremont, CA",637105547580,1454633797770,,https://earthquake.usgs.gov/earthquakes/eventpage/ci1054926,https://earthquake.usgs.gov/fdsnws/event/1/query?eventid=ci1054926&format=geojson,,,,,reviewed,0,63,ci,1054926,",ci1054926,",",ci,",",origin,phase-data,",0,,0.074,60.9,mc,earthquake,"M 2.0 - 4km NNE of Claremont, CA",1245,Point,"[-117.701, 34.133, 4.272]",1245
0,2.06,"3km NNE of Claremont, CA",637103989480,1454626945420,,https://earthquake.usgs.gov/earthquakes/eventpage/ci1054922,https://earthquake.usgs.gov/fdsnws/event/1/query?eventid=ci1054922&format=geojson,,,,,reviewed,0,65,ci,1054922,",ci1054922,",",ci,",",origin,phase-data,",0,,0.079,64.1,mc,earthquake,"M 2.1 - 3km NNE of Claremont, CA",1246,Point,"[-117.709, 34.121, 3.592]",1246
0,2.39,"3km NNE of Claremont, CA",637102441270,1454631075280,,https://earthquake.usgs.gov/earthquakes/eventpage/ci1054921,https://earthquake.usgs.gov/fdsnws/event/1/query?eventid=ci1054921&format=geojson,,,,,reviewed,0,88,ci,1054921,",ci1054921,",",ci,",",origin,phase-data,",0,,0.111,34.8,mc,earthquake,"M 2.4 - 3km NNE of Claremont, CA",1247,Point,"[-117.707, 34.121, 3.102]",1247
0,2.11,"4km NE of Claremont, CA",637101417100,1454632449000,,https://earthquake.usgs.gov/earthquakes/eventpage/ci1054919,https://earthquake.usgs.gov/fdsnws/event/1/query?eventid=ci1054919&format=geojson,,,,,reviewed,0,68,ci,1054919,",ci1054919,",",ci,",",origin,phase-data,",0,,0.051,91.7,mc,earthquake,"M 2.1 - 4km NE of Claremont, CA",1248,Point,"[-117.69, 34.126, 4.616]",1248
0,2.22,"3km NNE of Claremont, CA",637096691170,1454628330430,,https://earthquake.usgs.gov/earthquakes/eventpage/ci1054915,https://earthquake.usgs.gov/fdsnws/event/1/query?eventid=ci1054915&format=geojson,,,,,reviewed,0,76,ci,1054915,",ci1054915,",",ci,",",origin,phase-data,",0,,0.085,37.3,mc,earthquake,"M 2.2 - 3km NNE of Claremont, CA",1249,Point,"[-117.708, 34.121, 3.572]",1249
0,2.23,"3km NNE of Claremont, CA",637095857760,1454631769770,,https://earthquake.usgs.gov/earthquakes/eventpage/ci1054913,https://earthquake.usgs.gov/fdsnws/event/1/query?eventid=ci1054913&format=geojson,,,,,reviewed,0,77,ci,1054913,",ci1054913,",",ci,",",origin,phase-data,",0,,0.093,34.8,mc,earthquake,"M 2.2 - 3km NNE of Claremont, CA",1250,Point,"[-117.708, 34.121, 3.612]",1250
0,2.08,"5km NNE of Claremont, CA",637092358400,1454630401610,,https://earthquake.usgs.gov/earthquakes/eventpage/ci1054908,https://earthquake.usgs.gov/fdsnws/event/1/query?eventid=ci1054908&format=geojson,,,,,reviewed,0,67,ci,1054908,",ci1054908,",",ci,",",origin,phase-data,",0,,0.071,61.1,mc,earthquake,"M 2.1 - 5km NNE of Claremont, CA",1251,Point,"[-117.702, 34.136, 4.342]",1251
0,2.23,"3km NNE of Claremont, CA",637091144520,1454628329930,,https://earthquake.usgs.gov/earthquakes/eventpage/ci1054906,https://earthquake.usgs.gov/fdsnws/event/1/query?eventid=ci1054906&format=geojson,,,,,reviewed,0,77,ci,1054906,",ci1054906,",",ci,",",origin,phase-data,",0,,0.094,63.4,mc,earthquake,"M 2.2 - 3km NNE of Claremont, CA",1252,Point,"[-117.707, 34.121, 3.592]",1252
0,2.83,"9 km W of Cobb, California",637090712760,1481937775260,,https://earthquake.usgs.gov/earthquakes/eventpage/nc154071,https://earthquake.usgs.gov/fdsnws/event/1/query?eventid=nc154071&format=geojson,,,,,reviewed,0,123,nc,154071,",nc154071,",",nc,",",focal-mechanism,nearby-cities,origin,phase-data,",37,0.02883,0.08,33,md,earthquake,"M 2.8 - 9 km W of Cobb, California",1253,Point,"[-122.8296667, 38.8168333, 0.289]",1253
0,4,"65 km SSW of Rachel, Nevada",637089990300,1415321154786,,https://earthquake.usgs.gov/earthquakes/eventpage/usp00046e3,https://earthquake.usgs.gov/fdsnws/event/1/query?eventid=usp00046e3&format=geojson,,,,,reviewed,0,246,us,p00046e3,",usp00046e3,",",us,",",impact-text,origin,phase-data,",,,,,mb,earthquake,"M 4.0 - 65 km SSW of Rachel, Nevada",1254,Point,"[-116.055, 37.113, 0]",1254
0,2.54,"24 km NE of Greenfield, California",637088729510,1481937757750,,https://earthquake.usgs.gov/earthquakes/eventpage/nc154068,https://earthquake.usgs.gov/fdsnws/event/1/query?eventid=nc154068&format=geojson,,,,,reviewed,0,99,nc,154068,",nc154068,",",nc,",",focal-mechanism,nearby-cities,origin,phase-data,",42,0.04955,0.06,57,md,earthquake,"M 2.5 - 24 km NE of Greenfield, California",1255,Point,"[-121.046, 36.4688333, 4.364]",1255
0,2.03,"3km NNE of Claremont, CA",637087337080,1454632448520,,https://earthquake.usgs.gov/earthquakes/eventpage/ci1054900,https://earthquake.usgs.gov/fdsnws/event/1/query?eventid=ci1054900&format=geojson,,,,,reviewed,0,63,ci,1054900,",ci1054900,",",ci,",",origin,phase-data,",0,,0.072,69.9,mc,earthquake,"M 2.0 - 3km NNE of Claremont, CA",1256,Point,"[-117.71, 34.124, 4.036]",1256
0,2.65,"10 km E of Coalinga, California",637086326400,1481937745690,,https://earthquake.usgs.gov/earthquakes/eventpage/nc154189,https://earthquake.usgs.gov/fdsnws/event/1/query?eventid=nc154189&format=geojson,,,,,reviewed,0,108,nc,154189,",nc154189,ci1054899,",",nc,ci,",",focal-mechanism,nearby-cities,origin,phase-data,",44,0.1315,0.06,74,md,earthquake,"M 2.7 - 10 km E of Coalinga, California",1257,Point,"[-120.2476667, 36.1425, 10.457]",1257
0,5,"65 km SSW of Rachel, Nevada",637084800080,1459575962295,,https://earthquake.usgs.gov/earthquakes/eventpage/usp00046e0,https://earthquake.usgs.gov/fdsnws/event/1/query?eventid=usp00046e0&format=geojson,,,,,reviewed,0,385,us,p00046e0,",usp00046e0,ci1054898,",",us,ci,",",impact-text,nearby-cities,origin,phase-data,",,,,,mb,earthquake,"M 5.0 - 65 km SSW of Rachel, Nevada",1258,Point,"[-116.055, 37.113, 0]",1258
0,2.82,"24km SW of Newport Beach, CA",637084223900,1454628329450,,https://earthquake.usgs.gov/earthquakes/eventpage/ci1054897,https://earthquake.usgs.gov/fdsnws/event/1/query?eventid=ci1054897&format=geojson,,,,,reviewed,0,122,ci,1054897,",ci1054897,",",ci,",",origin,phase-data,",0,,0.339,104,ml,earthquake,"M 2.8 - 24km SW of Newport Beach, CA",1259,Point,"[-118.116, 33.469, 5.824]",1259
0,2.04,"6km N of Claremont, CA",637082442690,1454624923640,,https://earthquake.usgs.gov/earthquakes/eventpage/ci1054895,https://earthquake.usgs.gov/fdsnws/event/1/query?eventid=ci1054895&format=geojson,,,,,reviewed,0,64,ci,1054895,",ci1054895,",",ci,",",origin,phase-data,",0,,0.049,62.2,mc,earthquake,"M 2.0 - 6km N of Claremont, CA",1260,Point,"[-117.708, 34.149, 10.606]",1260
0,2.09,"6km N of Claremont, CA",637054154890,1454630400790,,https://earthquake.usgs.gov/earthquakes/eventpage/ci1054874,https://earthquake.usgs.gov/fdsnws/event/1/query?eventid=ci1054874&format=geojson,,,,,reviewed,0,67,ci,1054874,",ci1054874,",",ci,",",origin,phase-data,",0,,0.068,57.4,mc,earthquake,"M 2.1 - 6km N of Claremont, CA",1261,Point,"[-117.721, 34.149, 12.756]",1261
0,2.37,"10km NNW of Upland, CA",637042315630,1454628328910,,https://earthquake.usgs.gov/earthquakes/eventpage/ci1054867,https://earthquake.usgs.gov/fdsnws/event/1/query?eventid=ci1054867&format=geojson,,,,,reviewed,0,86,ci,1054867,",ci1054867,",",ci,",",origin,phase-data,",0,,0.069,56.9,mc,earthquake,"M 2.4 - 10km NNW of Upland, CA",1262,Point,"[-117.683, 34.181, 5.766]",1262
0,2.06,"7 km SW of Monte Sereno, California",637036484820,1481937628120,,https://earthquake.usgs.gov/earthquakes/eventpage/nc154028,https://earthquake.usgs.gov/fdsnws/event/1/query?eventid=nc154028&format=geojson,,,,,reviewed,0,65,nc,154028,",nc154028,",",nc,",",focal-mechanism,nearby-cities,origin,phase-data,",48,0.03423,0.09,57,md,earthquake,"M 2.1 - 7 km SW of Monte Sereno, California",1263,Point,"[-122.058, 37.1911667, 13.716]",1263
0,2.26,"6km N of Claremont, CA",637036373560,1454626943570,,https://earthquake.usgs.gov/earthquakes/eventpage/ci1054856,https://earthquake.usgs.gov/fdsnws/event/1/query?eventid=ci1054856&format=geojson,,,,,reviewed,0,79,ci,1054856,",ci1054856,",",ci,",",origin,phase-data,",0,,0.098,36.5,mc,earthquake,"M 2.3 - 6km N of Claremont, CA",1264,Point,"[-117.733, 34.154, 6.766]",1264
0,2.18,"22km NNW of Twentynine Palms, CA",637027836880,1454627624910,,https://earthquake.usgs.gov/earthquakes/eventpage/ci1054845,https://earthquake.usgs.gov/fdsnws/event/1/query?eventid=ci1054845&format=geojson,,,,,reviewed,0,73,ci,1054845,",ci1054845,",",ci,",",origin,phase-data,",0,,0.043,131.5,mc,earthquake,"M 2.2 - 22km NNW of Twentynine Palms, CA",1265,Point,"[-116.195, 34.303, 3.215]",1265
0,2.28,"31km ESE of Barstow, CA",637026120040,1454633796730,,https://earthquake.usgs.gov/earthquakes/eventpage/ci141021,https://earthquake.usgs.gov/fdsnws/event/1/query?eventid=ci141021&format=geojson,,,,,reviewed,0,80,ci,141021,",ci141021,",",ci,",",origin,phase-data,",0,,0.189,72.9,mc,quarry blast,"M 2.3 Quarry Blast - 31km ESE of Barstow, CA",1266,Point,"[-116.7, 34.81, -0.859]",1266
0,2.34,"11km SW of Salton City, CA",637025524670,1454624921610,,https://earthquake.usgs.gov/earthquakes/eventpage/ci1054842,https://earthquake.usgs.gov/fdsnws/event/1/query?eventid=ci1054842&format=geojson,,,,,reviewed,0,84,ci,1054842,",ci1054842,",",ci,",",origin,phase-data,",0,,0.126,38.9,mc,earthquake,"M 2.3 - 11km SW of Salton City, CA",1267,Point,"[-116.045, 33.234, 4.699]",1267
0,2.54,"13 km E of Hidden Valley Lake, California",637023367660,1481937587768,,https://earthquake.usgs.gov/earthquakes/eventpage/nc154020,https://earthquake.usgs.gov/fdsnws/event/1/query?eventid=nc154020&format=geojson,,,,,reviewed,0,99,nc,154020,",nc154020,",",nc,",",nearby-cities,origin,phase-data,",22,0.03964,0.27,58,md,quarry blast,"M 2.5 Quarry Blast - 13 km E of Hidden Valley Lake, California",1268,Point,"[-122.405, 38.8273333, -0.49]",1268
0,2.4,"11km SW of Salton City, CA",637007634000,1454631072730,,https://earthquake.usgs.gov/earthquakes/eventpage/ci1054814,https://earthquake.usgs.gov/fdsnws/event/1/query?eventid=ci1054814&format=geojson,,,,,reviewed,0,89,ci,1054814,",ci1054814,",",ci,",",origin,phase-data,",0,,0.125,39.3,mc,earthquake,"M 2.4 - 11km SW of Salton City, CA",1269,Point,"[-116.04, 33.231, 4.479]",1269
0,2.02,"11km SW of Salton City, CA",637007345880,1454626281880,,https://earthquake.usgs.gov/earthquakes/eventpage/ci1054810,https://earthquake.usgs.gov/fdsnws/event/1/query?eventid=ci1054810&format=geojson,,,,,reviewed,0,63,ci,1054810,",ci1054810,",",ci,",",origin,phase-data,",0,,0.113,81.1,mc,earthquake,"M 2.0 - 11km SW of Salton City, CA",1270,Point,"[-116.046, 33.232, 5.775]",1270
0,2.17,"6km N of Claremont, CA",637004179590,1454628327880,,https://earthquake.usgs.gov/earthquakes/eventpage/ci1054799,https://earthquake.usgs.gov/fdsnws/event/1/query?eventid=ci1054799&format=geojson,,,,,reviewed,0,72,ci,1054799,",ci1054799,",",ci,",",origin,phase-data,",0,,0.058,61.3,mc,earthquake,"M 2.2 - 6km N of Claremont, CA",1271,Point,"[-117.707, 34.153, 9.436]",1271
0,2,"6km NNE of Claremont, CA",636982266050,1454628991170,,https://earthquake.usgs.gov/earthquakes/eventpage/ci1054784,https://earthquake.usgs.gov/fdsnws/event/1/query?eventid=ci1054784&format=geojson,,,,,reviewed,0,62,ci,1054784,",ci1054784,",",ci,",",origin,phase-data,",0,,0.063,61.7,mc,earthquake,"M 2.0 - 6km NNE of Claremont, CA",1272,Point,"[-117.706, 34.148, 4.136]",1272
0,2.33,"4km NNE of Claremont, CA",636961140720,1454630399400,,https://earthquake.usgs.gov/earthquakes/eventpage/ci1054773,https://earthquake.usgs.gov/fdsnws/event/1/query?eventid=ci1054773&format=geojson,,,,,reviewed,0,84,ci,1054773,",ci1054773,",",ci,",",origin,phase-data,",0,,0.074,52.7,ml,earthquake,"M 2.3 - 4km NNE of Claremont, CA",1273,Point,"[-117.711, 34.133, 3.962]",1273
0,2.24,"5 km ESE of Mammoth Lakes, California",636949932620,1481937380590,,https://earthquake.usgs.gov/earthquakes/eventpage/nc153988,https://earthquake.usgs.gov/fdsnws/event/1/query?eventid=nc153988&format=geojson,,,,,reviewed,0,77,nc,153988,",nc153988,ci1054761,",",nc,ci,",",focal-mechanism,nearby-cities,origin,phase-data,",37,0.01171,0.04,53,md,earthquake,"M 2.2 - 5 km ESE of Mammoth Lakes, California",1274,Point,"[-118.9088333, 37.6366667, 5.896]",1274
0,2.07,"7km N of Claremont, CA",636945975820,1454626940910,,https://earthquake.usgs.gov/earthquakes/eventpage/ci1054756,https://earthquake.usgs.gov/fdsnws/event/1/query?eventid=ci1054756&format=geojson,,,,,reviewed,0,66,ci,1054756,",ci1054756,",",ci,",",origin,phase-data,",0,,0.051,59.7,mc,earthquake,"M 2.1 - 7km N of Claremont, CA",1275,Point,"[-117.705, 34.159, 9.776]",1275
0,2.04,"5km N of Claremont, CA",636945559930,1454630398300,,https://earthquake.usgs.gov/earthquakes/eventpage/ci1054755,https://earthquake.usgs.gov/fdsnws/event/1/query?eventid=ci1054755&format=geojson,,,,,reviewed,0,64,ci,1054755,",ci1054755,",",ci,",",origin,phase-data,",0,,0.07,58,mc,earthquake,"M 2.0 - 5km N of Claremont, CA",1276,Point,"[-117.729, 34.138, 4.126]",1276
0,2.05,"4km N of Claremont, CA",636939614210,1454632447530,,https://earthquake.usgs.gov/earthquakes/eventpage/ci141014,https://earthquake.usgs.gov/fdsnws/event/1/query?eventid=ci141014&format=geojson,,,,,reviewed,0,65,ci,141014,",ci141014,",",ci,",",origin,phase-data,",0,,0.061,66.8,mc,earthquake,"M 2.1 - 4km N of Claremont, CA",1277,Point,"[-117.715, 34.128, 9.106]",1277
0,2.58,"14 km E of Hidden Valley Lake, California",636937005540,1481937343319,,https://earthquake.usgs.gov/earthquakes/eventpage/nc154052,https://earthquake.usgs.gov/fdsnws/event/1/query?eventid=nc154052&format=geojson,,,,,reviewed,0,102,nc,154052,",nc154052,",",nc,",",nearby-cities,origin,phase-data,",8,0.05045,0.09,98,md,quarry blast,"M 2.6 Quarry Blast - 14 km E of Hidden Valley Lake, California",1278,Point,"[-122.3906667, 38.8293333, -0.436]",1278
0,2.28,"5km N of Claremont, CA",636936418570,1454628989860,,https://earthquake.usgs.gov/earthquakes/eventpage/ci1054742,https://earthquake.usgs.gov/fdsnws/event/1/query?eventid=ci1054742&format=geojson,,,,,reviewed,0,80,ci,1054742,",ci1054742,",",ci,",",origin,phase-data,",0,,0.127,32.1,mc,earthquake,"M 2.3 - 5km N of Claremont, CA",1279,Point,"[-117.728, 34.139, 8.916]",1279
0,2.14,"5km NNE of Claremont, CA",636936232480,1454631765330,,https://earthquake.usgs.gov/earthquakes/eventpage/ci141012,https://earthquake.usgs.gov/fdsnws/event/1/query?eventid=ci141012&format=geojson,,,,,reviewed,0,70,ci,141012,",ci141012,",",ci,",",origin,phase-data,",0,,0.069,42,mc,earthquake,"M 2.1 - 5km NNE of Claremont, CA",1280,Point,"[-117.694, 34.14, 4.382]",1280
0,2.8,"3km ENE of Silver Lake, CA",636894209140,1454624262520,,https://earthquake.usgs.gov/earthquakes/eventpage/ci1054674,https://earthquake.usgs.gov/fdsnws/event/1/query?eventid=ci1054674&format=geojson,,,,,reviewed,0,121,ci,1054674,",usp00046bc,ci1054674,",",us,ci,",",impact-text,origin,phase-data,",0,,0.145,47.8,ml,earthquake,"M 2.8 - 3km ENE of Silver Lake, CA",1281,Point,"[-118.235, 34.101, 4.701]",1281
0,2.27,"6 km W of Davenport, California",636890655590,1481937157551,,https://earthquake.usgs.gov/earthquakes/eventpage/nc153940,https://earthquake.usgs.gov/fdsnws/event/1/query?eventid=nc153940&format=geojson,,,,,reviewed,0,79,nc,153940,",nc153940,",",nc,",",nearby-cities,origin,phase-data,",37,0.1414,0.15,239,md,earthquake,"M 2.3 - 6 km W of Davenport, California",1282,Point,"[-122.2645, 37.01, 2.649]",1282
0,2.52,"30km W of Olancha, CA",636881608350,1454633792730,,https://earthquake.usgs.gov/earthquakes/eventpage/ci1054661,https://earthquake.usgs.gov/fdsnws/event/1/query?eventid=ci1054661&format=geojson,,,,,reviewed,0,98,ci,1054661,",ci1054661,",",ci,",",origin,phase-data,",0,,0.118,152.8,mc,earthquake,"M 2.5 - 30km W of Olancha, CA",1283,Point,"[-118.339, 36.256, 4.241]",1283
0,2.32,"1 km WSW of Spreckels, California",636877825240,1481937115600,,https://earthquake.usgs.gov/earthquakes/eventpage/nc1173764,https://earthquake.usgs.gov/fdsnws/event/1/query?eventid=nc1173764&format=geojson,,,,,reviewed,0,83,nc,1173764,",nc1173764,",",nc,",",nearby-cities,origin,phase-data,",4,0.1928,0.03,152,md,earthquake,"M 2.3 - 1 km WSW of Spreckels, California",1284,Point,"[-121.659, 36.6156667, 4.62]",1284
0,3.84,"4km N of Claremont, CA",636877517970,1454626279830,,https://earthquake.usgs.gov/earthquakes/eventpage/ci1054657,https://earthquake.usgs.gov/fdsnws/event/1/query?eventid=ci1054657&format=geojson,,,,,reviewed,0,227,ci,1054657,",usp00046ax,ci1054657,",",us,ci,",",impact-text,origin,phase-data,",0,,0.148,29.3,ml,earthquake,"M 3.8 - 4km N of Claremont, CA",1285,Point,"[-117.718, 34.131, 7.196]",1285
0,2.8,"7km E of Cabazon, CA",636875380360,1454629694070,,https://earthquake.usgs.gov/earthquakes/eventpage/ci1054656,https://earthquake.usgs.gov/fdsnws/event/1/query?eventid=ci1054656&format=geojson,,,,,reviewed,0,121,ci,1054656,",ci1054656,",",ci,",",origin,phase-data,",0,,0.091,33.3,ml,earthquake,"M 2.8 - 7km E of Cabazon, CA",1286,Point,"[-116.712, 33.915, 15.396]",1286
0,2.03,"4km N of Claremont, CA",636874546430,1454633792240,,https://earthquake.usgs.gov/earthquakes/eventpage/ci1054652,https://earthquake.usgs.gov/fdsnws/event/1/query?eventid=ci1054652&format=geojson,,,,,reviewed,0,63,ci,1054652,",ci1054652,",",ci,",",origin,phase-data,",0,,0.112,103.3,mc,earthquake,"M 2.0 - 4km N of Claremont, CA",1287,Point,"[-117.714, 34.132, 3.596]",1287
0,2.04,"13km WSW of Rosedale, CA",636872210340,1454624916150,,https://earthquake.usgs.gov/earthquakes/eventpage/ci1054651,https://earthquake.usgs.gov/fdsnws/event/1/query?eventid=ci1054651&format=geojson,,,,,reviewed,0,64,ci,1054651,",ci1054651,",",ci,",",origin,phase-data,",0,,0.375,124.7,mc,earthquake,"M 2.0 - 13km WSW of Rosedale, CA",1288,Point,"[-119.281, 35.346, 5.017]",1288
0,3.5,"24 km WSW of Hawthorne, Nevada",636867611540,1415321154329,,https://earthquake.usgs.gov/earthquakes/eventpage/usp00046ar,https://earthquake.usgs.gov/fdsnws/event/1/query?eventid=usp00046ar&format=geojson,,,,,reviewed,0,188,us,p00046ar,",usp00046ar,",",us,",",origin,phase-data,",,,0.9,,ml,earthquake,"M 3.5 - 24 km WSW of Hawthorne, Nevada",1289,Point,"[-118.866, 38.411, 5]",1289
0,2.5,"2km WSW of Rosemead, CA",636865989490,1454629693100,,https://earthquake.usgs.gov/earthquakes/eventpage/ci1054638,https://earthquake.usgs.gov/fdsnws/event/1/query?eventid=ci1054638&format=geojson,,,,,reviewed,0,96,ci,1054638,",ci1054638,",",ci,",",origin,phase-data,",0,,0.136,63.1,ml,earthquake,"M 2.5 - 2km WSW of Rosemead, CA",1290,Point,"[-118.095, 34.07, 10.618]",1290
0,2.01,"15 km N of Morgan Hill, California",636857212720,1481937058870,,https://earthquake.usgs.gov/earthquakes/eventpage/nc154188,https://earthquake.usgs.gov/fdsnws/event/1/query?eventid=nc154188&format=geojson,,,,,reviewed,0,62,nc,154188,",nc154188,",",nc,",",focal-mechanism,nearby-cities,origin,phase-data,",55,0.01892,0.05,55,md,earthquake,"M 2.0 - 15 km N of Morgan Hill, California",1291,Point,"[-121.655, 37.2683333, 1.773]",1291
0,2.08,"31km ESE of Barstow, CA",636856881490,1454626278870,,https://earthquake.usgs.gov/earthquakes/eventpage/ci141007,https://earthquake.usgs.gov/fdsnws/event/1/query?eventid=ci141007&format=geojson,,,,,reviewed,0,67,ci,141007,",ci141007,",",ci,",",origin,phase-data,",0,,0.262,110.7,mc,quarry blast,"M 2.1 Quarry Blast - 31km ESE of Barstow, CA",1292,Point,"[-116.7, 34.81, -0.966]",1292
0,2.05,"4km NW of Boron, CA",636849348740,1454626278010,,https://earthquake.usgs.gov/earthquakes/eventpage/ci1054616,https://earthquake.usgs.gov/fdsnws/event/1/query?eventid=ci1054616&format=geojson,,,,,reviewed,0,65,ci,1054616,",ci1054616,",",ci,",",origin,phase-data,",0,,0.073,89.2,mc,quarry blast,"M 2.1 Quarry Blast - 4km NW of Boron, CA",1293,Point,"[-117.68, 35.03, -0.913]",1293
0,2.5,"4km N of Claremont, CA",636844717710,1454631068140,,https://earthquake.usgs.gov/earthquakes/eventpage/ci1054597,https://earthquake.usgs.gov/fdsnws/event/1/query?eventid=ci1054597&format=geojson,,,,,reviewed,0,96,ci,1054597,",ci1054597,",",ci,",",origin,phase-data,",0,,0.077,61,ml,earthquake,"M 2.5 - 4km N of Claremont, CA",1294,Point,"[-117.717, 34.134, 9.948]",1294
0,2.02,"4km NNE of Claremont, CA",636844435850,1454624261190,,https://earthquake.usgs.gov/earthquakes/eventpage/ci1054596,https://earthquake.usgs.gov/fdsnws/event/1/query?eventid=ci1054596&format=geojson,,,,,reviewed,0,63,ci,1054596,",ci1054596,",",ci,",",origin,phase-data,",0,,0.08,136.1,mc,earthquake,"M 2.0 - 4km NNE of Claremont, CA",1295,Point,"[-117.709, 34.133, 5.928]",1295
0,2.04,"5km N of Claremont, CA",636831866680,1454630395440,,https://earthquake.usgs.gov/earthquakes/eventpage/ci1054561,https://earthquake.usgs.gov/fdsnws/event/1/query?eventid=ci1054561&format=geojson,,,,,reviewed,0,64,ci,1054561,",ci1054561,",",ci,",",origin,phase-data,",0,,0.057,58.9,mc,earthquake,"M 2.0 - 5km N of Claremont, CA",1296,Point,"[-117.73, 34.142, 9.236]",1296
0,2.55,"6km NNW of Ocotillo Wells, CA",636825642370,1454628325280,,https://earthquake.usgs.gov/earthquakes/eventpage/ci1054544,https://earthquake.usgs.gov/fdsnws/event/1/query?eventid=ci1054544&format=geojson,,,,,reviewed,0,100,ci,1054544,",ci1054544,",",ci,",",origin,phase-data,",0,,0.097,28.6,mc,earthquake,"M 2.6 - 6km NNW of Ocotillo Wells, CA",1297,Point,"[-116.15, 33.195, 8.828]",1297
0,2.14,"18km NNW of Borrego Springs, CA",636814401770,1454623559200,,https://earthquake.usgs.gov/earthquakes/eventpage/ci1054514,https://earthquake.usgs.gov/fdsnws/event/1/query?eventid=ci1054514&format=geojson,,,,,reviewed,0,70,ci,1054514,",ci1054514,",",ci,",",origin,phase-data,",0,,0.107,38.3,mc,earthquake,"M 2.1 - 18km NNW of Borrego Springs, CA",1298,Point,"[-116.431, 33.408, 12.414]",1298
0,2.26,"6km NNE of Claremont, CA",636806374100,1454624258060,,https://earthquake.usgs.gov/earthquakes/eventpage/ci1054497,https://earthquake.usgs.gov/fdsnws/event/1/query?eventid=ci1054497&format=geojson,,,,,reviewed,0,79,ci,1054497,",ci1054497,",",ci,",",origin,phase-data,",0,,0.031,116,mc,earthquake,"M 2.3 - 6km NNE of Claremont, CA",1299,Point,"[-117.698, 34.15, 10.947]",1299
0,2.01,"4 km ESE of Mammoth Lakes, California",636796306760,1481936793918,,https://earthquake.usgs.gov/earthquakes/eventpage/nc1173719,https://earthquake.usgs.gov/fdsnws/event/1/query?eventid=nc1173719&format=geojson,,,,,reviewed,0,62,nc,1173719,",nc1173719,",",nc,",",nearby-cities,origin,phase-data,",23,0.02252,0.07,76,md,earthquake,"M 2.0 - 4 km ESE of Mammoth Lakes, California",1300,Point,"[-118.9286667, 37.635, 4.814]",1300
0,4.1,"4 km SE of Swall Meadows, California",636794196190,1481936722450,,https://earthquake.usgs.gov/earthquakes/eventpage/nc10090867,https://earthquake.usgs.gov/fdsnws/event/1/query?eventid=nc10090867&format=geojson,,,,,reviewed,0,259,nc,10090867,",nc10090867,usp000469m,ci1054487,",",nc,us,ci,",",focal-mechanism,impact-text,nearby-cities,origin,phase-data,",39,0.03874,0.05,48,ml,earthquake,"M 4.1 - 4 km SE of Swall Meadows, California",1301,Point,"[-118.6073333, 37.4745, 10.588]",1301
0,2,"4km WNW of Upland, CA",636779937360,1454631065350,,https://earthquake.usgs.gov/earthquakes/eventpage/ci1054473,https://earthquake.usgs.gov/fdsnws/event/1/query?eventid=ci1054473&format=geojson,,,,,reviewed,0,62,ci,1054473,",ci1054473,",",ci,",",origin,phase-data,",0,,0.088,48.5,mc,earthquake,"M 2.0 - 4km WNW of Upland, CA",1302,Point,"[-117.684, 34.113, 3.962]",1302
0,2.44,"24km W of Ludlow, CA",636772835940,1454624912050,,https://earthquake.usgs.gov/earthquakes/eventpage/ci1054463,https://earthquake.usgs.gov/fdsnws/event/1/query?eventid=ci1054463&format=geojson,,,,,reviewed,0,92,ci,1054463,",ci1054463,",",ci,",",origin,phase-data,",0,,0.119,72.6,mc,quarry blast,"M 2.4 Quarry Blast - 24km W of Ludlow, CA",1303,Point,"[-116.42, 34.75, -1.011]",1303
0,2.4,"15 km E of Hidden Valley Lake, California",636763943820,1481936570769,,https://earthquake.usgs.gov/earthquakes/eventpage/nc153892,https://earthquake.usgs.gov/fdsnws/event/1/query?eventid=nc153892&format=geojson,,,,,reviewed,0,89,nc,153892,",nc153892,",",nc,",",nearby-cities,origin,phase-data,",9,0.05405,0.08,63,md,quarry blast,"M 2.4 Quarry Blast - 15 km E of Hidden Valley Lake, California",1304,Point,"[-122.3861667, 38.8303333, -0.436]",1304
0,2.12,"7 km ESE of Prunedale, California",636761424650,1481936556009,,https://earthquake.usgs.gov/earthquakes/eventpage/nc153831,https://earthquake.usgs.gov/fdsnws/event/1/query?eventid=nc153831&format=geojson,,,,,reviewed,0,69,nc,153831,",nc153831,",",nc,",",nearby-cities,origin,phase-data,",51,0.05135,0.14,100,md,quarry blast,"M 2.1 Quarry Blast - 7 km ESE of Prunedale, California",1305,Point,"[-121.5886667, 36.748, -0.309]",1305
0,2.91,"5 km ESE of Mammoth Lakes, California",636746580670,1481936516410,,https://earthquake.usgs.gov/earthquakes/eventpage/nc153823,https://earthquake.usgs.gov/fdsnws/event/1/query?eventid=nc153823&format=geojson,,,,,reviewed,0,130,nc,153823,",nc153823,ci141357,",",nc,ci,",",focal-mechanism,nearby-cities,origin,phase-data,",40,0.009009,0.05,42,md,earthquake,"M 2.9 - 5 km ESE of Mammoth Lakes, California",1306,Point,"[-118.9111667, 37.6321667, 5.935]",1306
0,3.14,"7km NNE of Claremont, CA",636746509150,1454633099870,,https://earthquake.usgs.gov/earthquakes/eventpage/ci1054407,https://earthquake.usgs.gov/fdsnws/event/1/query?eventid=ci1054407&format=geojson,,,,,reviewed,0,152,ci,1054407,",usp000468u,ci1054407,",",us,ci,",",origin,phase-data,",0,,0.129,32.8,ml,earthquake,"M 3.1 - 7km NNE of Claremont, CA",1307,Point,"[-117.699, 34.156, 8.552]",1307
0,2.03,"3km N of Claremont, CA",636731949010,1454630392280,,https://earthquake.usgs.gov/earthquakes/eventpage/ci1054373,https://earthquake.usgs.gov/fdsnws/event/1/query?eventid=ci1054373&format=geojson,,,,,reviewed,0,63,ci,1054373,",ci1054373,",",ci,",",origin,phase-data,",0,,0.078,66.6,mc,earthquake,"M 2.0 - 3km N of Claremont, CA",1308,Point,"[-117.715, 34.12, 3.682]",1308
0,2.07,"4 km WSW of Cobb, California",636728489210,1481936351279,,https://earthquake.usgs.gov/earthquakes/eventpage/nc154088,https://earthquake.usgs.gov/fdsnws/event/1/query?eventid=nc154088&format=geojson,,,,,reviewed,0,66,nc,154088,",nc154088,",",nc,",",nearby-cities,origin,phase-data,",27,0.01892,0.03,43,md,earthquake,"M 2.1 - 4 km WSW of Cobb, California",1309,Point,"[-122.7718333, 38.801, 1.323]",1309
0,2.16,"13km SE of Little Lake, CA",636724765740,1454631761110,,https://earthquake.usgs.gov/earthquakes/eventpage/ci1054368,https://earthquake.usgs.gov/fdsnws/event/1/query?eventid=ci1054368&format=geojson,,,,,reviewed,0,72,ci,1054368,",ci1054368,",",ci,",",origin,phase-data,",0,,0.1,90.1,mc,earthquake,"M 2.2 - 13km SE of Little Lake, CA",1310,Point,"[-117.808, 35.85, 3.796]",1310
0,2.06,"6km NNE of Claremont, CA",636720031020,1454633787540,,https://earthquake.usgs.gov/earthquakes/eventpage/ci1054365,https://earthquake.usgs.gov/fdsnws/event/1/query?eventid=ci1054365&format=geojson,,,,,reviewed,0,65,ci,1054365,",ci1054365,",",ci,",",origin,phase-data,",0,,0.059,67.5,mc,earthquake,"M 2.1 - 6km NNE of Claremont, CA",1311,Point,"[-117.687, 34.143, 5.456]",1311
0,2.03,"1km E of Monterey Park, CA",636717638310,1454633098930,,https://earthquake.usgs.gov/earthquakes/eventpage/ci1054361,https://earthquake.usgs.gov/fdsnws/event/1/query?eventid=ci1054361&format=geojson,,,,,reviewed,0,63,ci,1054361,",ci1054361,",",ci,",",origin,phase-data,",0,,0.064,165.5,mc,earthquake,"M 2.0 - 1km E of Monterey Park, CA",1312,Point,"[-118.11, 34.064, 4.224]",1312
0,2.17,"4km N of Claremont, CA",636690159070,1454632442850,,https://earthquake.usgs.gov/earthquakes/eventpage/ci1054340,https://earthquake.usgs.gov/fdsnws/event/1/query?eventid=ci1054340&format=geojson,,,,,reviewed,0,72,ci,1054340,",ci1054340,",",ci,",",origin,phase-data,",0,,0.051,173.6,mc,earthquake,"M 2.2 - 4km N of Claremont, CA",1313,Point,"[-117.718, 34.132, 6.402]",1313
0,2.11,"5 km SSW of Gilroy, California",636689967490,1481936047920,,https://earthquake.usgs.gov/earthquakes/eventpage/nc153886,https://earthquake.usgs.gov/fdsnws/event/1/query?eventid=nc153886&format=geojson,,,,,reviewed,0,68,nc,153886,",nc153886,",",nc,",",focal-mechanism,nearby-cities,origin,phase-data,",48,0.002703,0.08,28,md,earthquake,"M 2.1 - 5 km SSW of Gilroy, California",1314,Point,"[-121.5823333, 36.9593333, 3.275]",1314
0,2.14,"5km N of Claremont, CA",636689212870,1454633098400,,https://earthquake.usgs.gov/earthquakes/eventpage/ci1054338,https://earthquake.usgs.gov/fdsnws/event/1/query?eventid=ci1054338&format=geojson,,,,,reviewed,0,70,ci,1054338,",ci1054338,",",ci,",",origin,phase-data,",0,,0.047,139.9,mc,earthquake,"M 2.1 - 5km N of Claremont, CA",1315,Point,"[-117.713, 34.138, 7.934]",1315
0,2.13,"4km NNW of Claremont, CA",636673599960,1454629688300,,https://earthquake.usgs.gov/earthquakes/eventpage/ci1054306,https://earthquake.usgs.gov/fdsnws/event/1/query?eventid=ci1054306&format=geojson,,,,,reviewed,0,70,ci,1054306,",ci1054306,",",ci,",",origin,phase-data,",0,,0.045,73.6,mc,earthquake,"M 2.1 - 4km NNW of Claremont, CA",1316,Point,"[-117.73, 34.136, 10.456]",1316
0,2.56,"5km NNE of Claremont, CA",636665327320,1454625610640,,https://earthquake.usgs.gov/earthquakes/eventpage/ci1054293,https://earthquake.usgs.gov/fdsnws/event/1/query?eventid=ci1054293&format=geojson,,,,,reviewed,0,101,ci,1054293,",ci1054293,",",ci,",",origin,phase-data,",0,,0.086,35.2,ml,earthquake,"M 2.6 - 5km NNE of Claremont, CA",1317,Point,"[-117.694, 34.133, 3.842]",1317
0,2.27,"4km NNW of Villa Park, CA",636660049410,1454624255760,,https://earthquake.usgs.gov/earthquakes/eventpage/ci1054280,https://earthquake.usgs.gov/fdsnws/event/1/query?eventid=ci1054280&format=geojson,,,,,reviewed,0,79,ci,1054280,",ci1054280,",",ci,",",origin,phase-data,",0,,0.051,78.5,mc,earthquake,"M 2.3 - 4km NNW of Villa Park, CA",1318,Point,"[-117.825, 33.849, 2.596]",1318
0,2.28,"22 km NNE of San Lucas, California",636656980230,1481935826240,,https://earthquake.usgs.gov/earthquakes/eventpage/nc153712,https://earthquake.usgs.gov/fdsnws/event/1/query?eventid=nc153712&format=geojson,,,,,reviewed,0,80,nc,153712,",nc153712,",",nc,",",focal-mechanism,nearby-cities,origin,phase-data,",37,0.04234,0.07,67,md,earthquake,"M 2.3 - 22 km NNE of San Lucas, California",1319,Point,"[-120.8813333, 36.3025, 5.292]",1319
0,2.27,"3km N of Claremont, CA",636634490380,1454628321950,,https://earthquake.usgs.gov/earthquakes/eventpage/ci1054259,https://earthquake.usgs.gov/fdsnws/event/1/query?eventid=ci1054259&format=geojson,,,,,reviewed,0,79,ci,1054259,",ci1054259,",",ci,",",origin,phase-data,",0,,0.121,50.4,mc,earthquake,"M 2.3 - 3km N of Claremont, CA",1320,Point,"[-117.718, 34.125, 6.742]",1320
0,2.33,"28km SSW of Tecopa, CA",636632001860,1454631759780,,https://earthquake.usgs.gov/earthquakes/eventpage/ci1054257,https://earthquake.usgs.gov/fdsnws/event/1/query?eventid=ci1054257&format=geojson,,,,,reviewed,0,84,ci,1054257,",ci1054257,",",ci,",",origin,phase-data,",0,,0.24,250.1,mc,earthquake,"M 2.3 - 28km SSW of Tecopa, CA",1321,Point,"[-116.306, 35.605, 5.258]",1321
0,2.88,"24km SSW of Tecopa, CA",636628663100,1454626932580,,https://earthquake.usgs.gov/earthquakes/eventpage/ci1054255,https://earthquake.usgs.gov/fdsnws/event/1/query?eventid=ci1054255&format=geojson,,,,,reviewed,0,128,ci,1054255,",ci1054255,",",ci,",",origin,phase-data,",0,,0.191,252.7,mc,earthquake,"M 2.9 - 24km SSW of Tecopa, CA",1322,Point,"[-116.284, 35.636, 5.258]",1322
0,2.95,"2km NNW of Gardena, CA",636615481230,1454628320590,,https://earthquake.usgs.gov/earthquakes/eventpage/ci1054240,https://earthquake.usgs.gov/fdsnws/event/1/query?eventid=ci1054240&format=geojson,,,,,reviewed,0,134,ci,1054240,",ci1054240,",",ci,",",origin,phase-data,",0,,0.097,73.5,ml,earthquake,"M 3.0 - 2km NNW of Gardena, CA",1323,Point,"[-118.319, 33.909, 5.894]",1323
0,2.15,"3km N of Claremont, CA",636615355280,1454626932160,,https://earthquake.usgs.gov/earthquakes/eventpage/ci1054239,https://earthquake.usgs.gov/fdsnws/event/1/query?eventid=ci1054239&format=geojson,,,,,reviewed,0,71,ci,1054239,",ci1054239,",",ci,",",origin,phase-data,",0,,0.059,51.5,mc,earthquake,"M 2.2 - 3km N of Claremont, CA",1324,Point,"[-117.722, 34.123, 7.252]",1324
0,2.57,"9km NNE of La Verne, CA",636606912470,1454630391360,,https://earthquake.usgs.gov/earthquakes/eventpage/ci1054230,https://earthquake.usgs.gov/fdsnws/event/1/query?eventid=ci1054230&format=geojson,,,,,reviewed,0,102,ci,1054230,",ci1054230,",",ci,",",origin,phase-data,",0,,0.156,51.8,ml,earthquake,"M 2.6 - 9km NNE of La Verne, CA",1325,Point,"[-117.741, 34.176, 5.592]",1325
0,2.03,"7km N of Claremont, CA",636603518340,1454631061350,,https://earthquake.usgs.gov/earthquakes/eventpage/ci1054228,https://earthquake.usgs.gov/fdsnws/event/1/query?eventid=ci1054228&format=geojson,,,,,reviewed,0,63,ci,1054228,",ci1054228,",",ci,",",origin,phase-data,",0,,0.079,98.8,mc,earthquake,"M 2.0 - 7km N of Claremont, CA",1326,Point,"[-117.731, 34.161, 7.953]",1326
0,2.07,"3 km W of Morro Bay, California",636597944290,1481935590800,,https://earthquake.usgs.gov/earthquakes/eventpage/nc153885,https://earthquake.usgs.gov/fdsnws/event/1/query?eventid=nc153885&format=geojson,,,,,reviewed,0,66,nc,153885,",nc153885,ci1054226,",",nc,ci,",",nearby-cities,origin,phase-data,",20,0.05586,0.12,146,md,earthquake,"M 2.1 - 3 km W of Morro Bay, California",1327,Point,"[-120.8911667, 35.37, 5.909]",1327
0,2.27,"2 km SSW of Saratoga, California",636596487530,1481935577670,,https://earthquake.usgs.gov/earthquakes/eventpage/nc153672,https://earthquake.usgs.gov/fdsnws/event/1/query?eventid=nc153672&format=geojson,,,,,reviewed,0,79,nc,153672,",nc153672,",",nc,",",focal-mechanism,nearby-cities,origin,phase-data,",48,0.04144,0.06,40,md,earthquake,"M 2.3 - 2 km SSW of Saratoga, California",1328,Point,"[-122.0335, 37.2436667, 7.627]",1328
0,2.11,"24 km E of San Ardo, California",636596169000,1481935565990,,https://earthquake.usgs.gov/earthquakes/eventpage/nc153671,https://earthquake.usgs.gov/fdsnws/event/1/query?eventid=nc153671&format=geojson,,,,,reviewed,0,68,nc,153671,",nc153671,ci1054225,",",nc,ci,",",focal-mechanism,nearby-cities,origin,phase-data,",30,0.03153,0.09,52,md,earthquake,"M 2.1 - 24 km E of San Ardo, California",1329,Point,"[-120.6341667, 36.0643333, 1.031]",1329
0,2.19,"5km NNE of Claremont, CA",636582142840,1454628984210,,https://earthquake.usgs.gov/earthquakes/eventpage/ci1054216,https://earthquake.usgs.gov/fdsnws/event/1/query?eventid=ci1054216&format=geojson,,,,,reviewed,0,74,ci,1054216,",ci1054216,",",ci,",",origin,phase-data,",0,,0.072,45.7,mc,earthquake,"M 2.2 - 5km NNE of Claremont, CA",1330,Point,"[-117.693, 34.139, 3.832]",1330
0,2.04,"7km NNE of Claremont, CA",636572008920,1454628319630,,https://earthquake.usgs.gov/earthquakes/eventpage/ci1054203,https://earthquake.usgs.gov/fdsnws/event/1/query?eventid=ci1054203&format=geojson,,,,,reviewed,0,64,ci,1054203,",ci1054203,",",ci,",",origin,phase-data,",0,,0.066,52.1,mc,earthquake,"M 2.0 - 7km NNE of Claremont, CA",1331,Point,"[-117.704, 34.156, 10.042]",1331
0,2.06,"2km E of Claremont, CA",636571328850,1454624909400,,https://earthquake.usgs.gov/earthquakes/eventpage/ci1054202,https://earthquake.usgs.gov/fdsnws/event/1/query?eventid=ci1054202&format=geojson,,,,,reviewed,0,65,ci,1054202,",ci1054202,",",ci,",",origin,phase-data,",0,,0.053,175.3,mc,earthquake,"M 2.1 - 2km E of Claremont, CA",1332,Point,"[-117.697, 34.098, 3.341]",1332
0,2.41,"3km WNW of Upland, CA",636570936320,1454630390780,,https://earthquake.usgs.gov/earthquakes/eventpage/ci1054201,https://earthquake.usgs.gov/fdsnws/event/1/query?eventid=ci1054201&format=geojson,,,,,reviewed,0,89,ci,1054201,",ci1054201,",",ci,",",origin,phase-data,",0,,0.119,37.5,ml,earthquake,"M 2.4 - 3km WNW of Upland, CA",1333,Point,"[-117.682, 34.11, 2.932]",1333
0,3.65,"4km WNW of Upland, CA",636569115760,1454625606500,,https://earthquake.usgs.gov/earthquakes/eventpage/ci1054199,https://earthquake.usgs.gov/fdsnws/event/1/query?eventid=ci1054199&format=geojson,,,,,reviewed,0,205,ci,1054199,",usp000466f,ci1054199,",",us,ci,",",origin,phase-data,",0,,0.14,33.8,ml,earthquake,"M 3.7 - 4km WNW of Upland, CA",1334,Point,"[-117.684, 34.116, 2.922]",1334
0,2.46,"4km WNW of Upland, CA",636567915270,1454633784960,,https://earthquake.usgs.gov/earthquakes/eventpage/ci1054197,https://earthquake.usgs.gov/fdsnws/event/1/query?eventid=ci1054197&format=geojson,,,,,reviewed,0,93,ci,1054197,",ci1054197,",",ci,",",origin,phase-data,",0,,0.12,37.3,ml,earthquake,"M 2.5 - 4km WNW of Upland, CA",1335,Point,"[-117.682, 34.112, 3.002]",1335
0,2.01,"10km NNW of Upland, CA",636565547470,1454626931270,,https://earthquake.usgs.gov/earthquakes/eventpage/ci1054193,https://earthquake.usgs.gov/fdsnws/event/1/query?eventid=ci1054193&format=geojson,,,,,reviewed,0,62,ci,1054193,",ci1054193,",",ci,",",origin,phase-data,",0,,0.069,63,mc,earthquake,"M 2.0 - 10km NNW of Upland, CA",1336,Point,"[-117.684, 34.178, 5.582]",1336
0,2.8,"4km WNW of Upland, CA",636563262780,1454631757780,,https://earthquake.usgs.gov/earthquakes/eventpage/ci1054190,https://earthquake.usgs.gov/fdsnws/event/1/query?eventid=ci1054190&format=geojson,,,,,reviewed,0,121,ci,1054190,",usp0004669,ci1054190,",",us,ci,",",origin,phase-data,",0,,0.124,37.2,ml,earthquake,"M 2.8 - 4km WNW of Upland, CA",1337,Point,"[-117.683, 34.113, 2.952]",1337
0,2.32,"4km NW of Upland, CA",636559203160,1454628982870,,https://earthquake.usgs.gov/earthquakes/eventpage/ci1054186,https://earthquake.usgs.gov/fdsnws/event/1/query?eventid=ci1054186&format=geojson,,,,,reviewed,0,83,ci,1054186,",ci1054186,",",ci,",",origin,phase-data,",0,,0.101,37.2,ml,earthquake,"M 2.3 - 4km NW of Upland, CA",1338,Point,"[-117.68, 34.115, 3.512]",1338
0,2.04,"4km WNW of Upland, CA",636558007870,1454624252160,,https://earthquake.usgs.gov/earthquakes/eventpage/ci1054184,https://earthquake.usgs.gov/fdsnws/event/1/query?eventid=ci1054184&format=geojson,,,,,reviewed,0,64,ci,1054184,",ci1054184,",",ci,",",origin,phase-data,",0,,0.077,39.1,mc,earthquake,"M 2.0 - 4km WNW of Upland, CA",1339,Point,"[-117.683, 34.113, 3.372]",1339
0,2.06,"10km NNW of Upland, CA",636554025290,1454627615840,,https://earthquake.usgs.gov/earthquakes/eventpage/ci1054179,https://earthquake.usgs.gov/fdsnws/event/1/query?eventid=ci1054179&format=geojson,,,,,reviewed,0,65,ci,1054179,",ci1054179,",",ci,",",origin,phase-data,",0,,0.055,57.6,mc,earthquake,"M 2.1 - 10km NNW of Upland, CA",1340,Point,"[-117.683, 34.178, 5.722]",1340
0,2.03,"7km N of Claremont, CA",636546234030,1454632439800,,https://earthquake.usgs.gov/earthquakes/eventpage/ci1054169,https://earthquake.usgs.gov/fdsnws/event/1/query?eventid=ci1054169&format=geojson,,,,,reviewed,0,63,ci,1054169,",ci1054169,",",ci,",",origin,phase-data,",0,,0.069,79.6,mc,earthquake,"M 2.0 - 7km N of Claremont, CA",1341,Point,"[-117.707, 34.155, 10.223]",1341
0,2.48,"4km NE of Claremont, CA",636541463470,1454625605540,,https://earthquake.usgs.gov/earthquakes/eventpage/ci1054168,https://earthquake.usgs.gov/fdsnws/event/1/query?eventid=ci1054168&format=geojson,,,,,reviewed,0,95,ci,1054168,",ci1054168,",",ci,",",origin,phase-data,",0,,0.103,38.1,ml,earthquake,"M 2.5 - 4km NE of Claremont, CA",1342,Point,"[-117.698, 34.122, 2.902]",1342
0,2.8,"12km WNW of Tehachapi, CA",636532708360,1454627613980,,https://earthquake.usgs.gov/earthquakes/eventpage/ci1054162,https://earthquake.usgs.gov/fdsnws/event/1/query?eventid=ci1054162&format=geojson,,,,,reviewed,0,121,ci,1054162,",ci1054162,",",ci,",",origin,phase-data,",0,,0.099,34.3,mc,earthquake,"M 2.8 - 12km WNW of Tehachapi, CA",1343,Point,"[-118.575, 35.153, 10.16]",1343
0,2.22,"14 km SE of Hidden Valley Lake, California",636532319370,1481935291320,,https://earthquake.usgs.gov/earthquakes/eventpage/nc153622,https://earthquake.usgs.gov/fdsnws/event/1/query?eventid=nc153622&format=geojson,,,,,reviewed,0,76,nc,153622,",nc153622,",",nc,",",focal-mechanism,nearby-cities,origin,phase-data,",41,0.08018,0.12,91,md,earthquake,"M 2.2 - 14 km SE of Hidden Valley Lake, California",1344,Point,"[-122.4235, 38.7276667, 8.706]",1344
0,2.09,"3km NNE of Claremont, CA",636532224910,1454631059430,,https://earthquake.usgs.gov/earthquakes/eventpage/ci1054161,https://earthquake.usgs.gov/fdsnws/event/1/query?eventid=ci1054161&format=geojson,,,,,reviewed,0,67,ci,1054161,",ci1054161,",",ci,",",origin,phase-data,",0,,0.062,45,mc,earthquake,"M 2.1 - 3km NNE of Claremont, CA",1345,Point,"[-117.704, 34.123, 3.332]",1345
0,2.61,"6km N of Claremont, CA",636529300170,1454624250780,,https://earthquake.usgs.gov/earthquakes/eventpage/ci140936,https://earthquake.usgs.gov/fdsnws/event/1/query?eventid=ci140936&format=geojson,,,,,reviewed,0,105,ci,140936,",ci140936,",",ci,",",origin,phase-data,",0,,0.083,53.5,ml,earthquake,"M 2.6 - 6km N of Claremont, CA",1346,Point,"[-117.71, 34.152, 10.032]",1346
0,2.07,"7 km WSW of Cobb, California",636523222510,1481935227931,,https://earthquake.usgs.gov/earthquakes/eventpage/nc153615,https://earthquake.usgs.gov/fdsnws/event/1/query?eventid=nc153615&format=geojson,,,,,reviewed,0,66,nc,153615,",nc153615,",",nc,",",nearby-cities,origin,phase-data,",17,0.04955,0.06,37,md,earthquake,"M 2.1 - 7 km WSW of Cobb, California",1347,Point,"[-122.8046667, 38.8016667, 0.859]",1347
0,2.21,"3 km E of Mammoth Lakes, California",636512714970,1481935107820,,https://earthquake.usgs.gov/earthquakes/eventpage/nc158626,https://earthquake.usgs.gov/fdsnws/event/1/query?eventid=nc158626&format=geojson,,,,,reviewed,0,75,nc,158626,",nc158626,ci1054147,",",nc,ci,",",focal-mechanism,nearby-cities,origin,phase-data,",33,0.02072,0.06,73,md,earthquake,"M 2.2 - 3 km E of Mammoth Lakes, California",1348,Point,"[-118.9328333, 37.6456667, 4.524]",1348
0,2,"4km ENE of Claremont, CA",636506934070,1454629686370,,https://earthquake.usgs.gov/earthquakes/eventpage/ci1054140,https://earthquake.usgs.gov/fdsnws/event/1/query?eventid=ci1054140&format=geojson,,,,,reviewed,0,62,ci,1054140,",ci1054140,",",ci,",",origin,phase-data,",0,,0.068,42.8,mc,earthquake,"M 2.0 - 4km ENE of Claremont, CA",1349,Point,"[-117.685, 34.115, 3.562]",1349
0,2.33,"4km WNW of Upland, CA",636506475380,1454631058960,,https://earthquake.usgs.gov/earthquakes/eventpage/ci1054139,https://earthquake.usgs.gov/fdsnws/event/1/query?eventid=ci1054139&format=geojson,,,,,reviewed,0,84,ci,1054139,",ci1054139,",",ci,",",origin,phase-data,",0,,0.094,36.9,ml,earthquake,"M 2.3 - 4km WNW of Upland, CA",1350,Point,"[-117.684, 34.116, 3.342]",1350
0,2.46,"6 km NE of Oroville East, California",636499777590,1481934873547,,https://earthquake.usgs.gov/earthquakes/eventpage/nc1173401,https://earthquake.usgs.gov/fdsnws/event/1/query?eventid=nc1173401&format=geojson,,,,,reviewed,0,93,nc,1173401,",nc1173401,",",nc,",",nearby-cities,origin,phase-data,",5,0.05766,0.09,189,md,earthquake,"M 2.5 - 6 km NE of Oroville East, California",1351,Point,"[-121.426, 39.5536667, 0.851]",1351
0,2.14,"3 km ESE of Mammoth Lakes, California",636491221760,1481934675980,,https://earthquake.usgs.gov/earthquakes/eventpage/nc158624,https://earthquake.usgs.gov/fdsnws/event/1/query?eventid=nc158624&format=geojson,,,,,reviewed,0,70,nc,158624,",nc158624,",",nc,",",focal-mechanism,nearby-cities,origin,phase-data,",36,0.02432,0.07,67,md,earthquake,"M 2.1 - 3 km ESE of Mammoth Lakes, California",1352,Point,"[-118.935, 37.6421667, 4.014]",1352
0,2.19,"3 km ESE of Mammoth Lakes, California",636489761920,1481934627880,,https://earthquake.usgs.gov/earthquakes/eventpage/nc158623,https://earthquake.usgs.gov/fdsnws/event/1/query?eventid=nc158623&format=geojson,,,,,reviewed,0,74,nc,158623,",nc158623,ci1054116,",",nc,ci,",",focal-mechanism,nearby-cities,origin,phase-data,",34,0.02432,0.09,65,md,earthquake,"M 2.2 - 3 km ESE of Mammoth Lakes, California",1353,Point,"[-118.9371667, 37.6415, 3.684]",1353
0,2.21,"3 km E of Mammoth Lakes, California",636489358490,1481934602670,,https://earthquake.usgs.gov/earthquakes/eventpage/nc1173344,https://earthquake.usgs.gov/fdsnws/event/1/query?eventid=nc1173344&format=geojson,,,,,reviewed,0,75,nc,1173344,",nc1173344,",",nc,",",focal-mechanism,nearby-cities,origin,phase-data,",26,0.02342,0.07,68,md,earthquake,"M 2.2 - 3 km E of Mammoth Lakes, California",1354,Point,"[-118.9343333, 37.6428333, 4.254]",1354
0,2.53,"3km NNE of Claremont, CA",636483577790,1454631057930,,https://earthquake.usgs.gov/earthquakes/eventpage/ci140933,https://earthquake.usgs.gov/fdsnws/event/1/query?eventid=ci140933&format=geojson,,,,,reviewed,0,98,ci,140933,",ci140933,",",ci,",",origin,phase-data,",0,,0.147,47,ml,earthquake,"M 2.5 - 3km NNE of Claremont, CA",1355,Point,"[-117.712, 34.121, 3.212]",1355
0,2.06,"0 km SSE of Mammoth Lakes, California",636472045020,1481934281541,,https://earthquake.usgs.gov/earthquakes/eventpage/nc153584,https://earthquake.usgs.gov/fdsnws/event/1/query?eventid=nc153584&format=geojson,,,,,reviewed,0,65,nc,153584,",nc153584,",",nc,",",nearby-cities,origin,phase-data,",19,0.01712,0.02,80,md,earthquake,"M 2.1 - 0 km SSE of Mammoth Lakes, California",1356,Point,"[-118.9671667, 37.6411667, 5.093]",1356
0,2.14,"7km N of Claremont, CA",636461493440,1454633092850,,https://earthquake.usgs.gov/earthquakes/eventpage/ci1054090,https://earthquake.usgs.gov/fdsnws/event/1/query?eventid=ci1054090&format=geojson,,,,,reviewed,0,70,ci,1054090,",ci1054090,",",ci,",",origin,phase-data,",0,,0.082,57.7,mc,earthquake,"M 2.1 - 7km N of Claremont, CA",1357,Point,"[-117.72, 34.159, 5.642]",1357
0,2.08,"14km SE of Anza, CA",636458135660,1454626927650,,https://earthquake.usgs.gov/earthquakes/eventpage/ci1054087,https://earthquake.usgs.gov/fdsnws/event/1/query?eventid=ci1054087&format=geojson,,,,,reviewed,0,67,ci,1054087,",ci1054087,",",ci,",",origin,phase-data,",0,,0.097,28.9,mc,earthquake,"M 2.1 - 14km SE of Anza, CA",1358,Point,"[-116.575, 33.459, 7.399]",1358
0,2.05,"3 km ESE of Mammoth Lakes, California",636454306480,1481934002814,,https://earthquake.usgs.gov/earthquakes/eventpage/nc1173216,https://earthquake.usgs.gov/fdsnws/event/1/query?eventid=nc1173216&format=geojson,,,,,reviewed,0,65,nc,1173216,",nc1173216,",",nc,",",nearby-cities,origin,phase-data,",12,0.04234,0.08,117,md,earthquake,"M 2.1 - 3 km ESE of Mammoth Lakes, California",1359,Point,"[-118.9288333, 37.6386667, 3.988]",1359
0,2.22,"4km NNE of Claremont, CA",636450883030,1454626926640,,https://earthquake.usgs.gov/earthquakes/eventpage/ci1054077,https://earthquake.usgs.gov/fdsnws/event/1/query?eventid=ci1054077&format=geojson,,,,,reviewed,0,76,ci,1054077,",ci1054077,",",ci,",",origin,phase-data,",0,,0.071,46.8,mc,earthquake,"M 2.2 - 4km NNE of Claremont, CA",1360,Point,"[-117.701, 34.133, 4.052]",1360
0,2.48,"3 km E of Mammoth Lakes, California",636445877100,1481933745310,,https://earthquake.usgs.gov/earthquakes/eventpage/nc158717,https://earthquake.usgs.gov/fdsnws/event/1/query?eventid=nc158717&format=geojson,,,,,reviewed,0,95,nc,158717,",nc158717,ci140930,",",nc,ci,",",focal-mechanism,nearby-cities,origin,phase-data,",38,0.02252,0.07,59,md,earthquake,"M 2.5 - 3 km E of Mammoth Lakes, California",1361,Point,"[-118.9353333, 37.6436667, 4.384]",1361
0,2.33,"4km NNE of Claremont, CA",636443310200,1454632436590,,https://earthquake.usgs.gov/earthquakes/eventpage/ci676307,https://earthquake.usgs.gov/fdsnws/event/1/query?eventid=ci676307&format=geojson,,,,,reviewed,0,84,ci,676307,",ci676307,",",ci,",",origin,phase-data,",0,,0.111,33.6,mc,earthquake,"M 2.3 - 4km NNE of Claremont, CA",1362,Point,"[-117.71, 34.135, 6.472]",1362
0,2.16,"11km SW of Salton City, CA",636438665420,1454628316730,,https://earthquake.usgs.gov/earthquakes/eventpage/ci1054060,https://earthquake.usgs.gov/fdsnws/event/1/query?eventid=ci1054060&format=geojson,,,,,reviewed,0,72,ci,1054060,",ci1054060,",",ci,",",origin,phase-data,",0,,0.137,52.8,mc,earthquake,"M 2.2 - 11km SW of Salton City, CA",1363,Point,"[-116.033, 33.226, 4.479]",1363
0,2.25,"3km NNE of Claremont, CA",636436295360,1454630386350,,https://earthquake.usgs.gov/earthquakes/eventpage/ci1054059,https://earthquake.usgs.gov/fdsnws/event/1/query?eventid=ci1054059&format=geojson,,,,,reviewed,0,78,ci,1054059,",ci1054059,",",ci,",",origin,phase-data,",0,,0.064,44.6,mc,earthquake,"M 2.3 - 3km NNE of Claremont, CA",1364,Point,"[-117.702, 34.124, 3.352]",1364
0,2.92,"11km S of Big Bear City, CA",636436111700,1454626270870,,https://earthquake.usgs.gov/earthquakes/eventpage/ci1054058,https://earthquake.usgs.gov/fdsnws/event/1/query?eventid=ci1054058&format=geojson,,,,,reviewed,0,131,ci,1054058,",ci1054058,",",ci,",",origin,phase-data,",0,,0.096,52.4,ml,earthquake,"M 2.9 - 11km S of Big Bear City, CA",1365,Point,"[-116.834, 34.163, 11.653]",1365
0,2.14,"5km NNE of Claremont, CA",636434089020,1454624906900,,https://earthquake.usgs.gov/earthquakes/eventpage/ci1054055,https://earthquake.usgs.gov/fdsnws/event/1/query?eventid=ci1054055&format=geojson,,,,,reviewed,0,70,ci,1054055,",ci1054055,",",ci,",",origin,phase-data,",0,,0.067,61.5,mc,earthquake,"M 2.1 - 5km NNE of Claremont, CA",1366,Point,"[-117.691, 34.139, 4.214]",1366
0,2.99,"3 km E of Mammoth Lakes, California",636430069950,1481933412320,,https://earthquake.usgs.gov/earthquakes/eventpage/nc20091194,https://earthquake.usgs.gov/fdsnws/event/1/query?eventid=nc20091194&format=geojson,,,,,reviewed,0,138,nc,20091194,",nc20091194,ci1054054,",",nc,ci,",",focal-mechanism,nearby-cities,origin,phase-data,",38,0.02342,0.07,69,md,earthquake,"M 3.0 - 3 km E of Mammoth Lakes, California",1367,Point,"[-118.9315, 37.6436667, 4.544]",1367
0,2.43,"4km N of Claremont, CA",636429317140,1454627611580,,https://earthquake.usgs.gov/earthquakes/eventpage/ci1054052,https://earthquake.usgs.gov/fdsnws/event/1/query?eventid=ci1054052&format=geojson,,,,,reviewed,0,91,ci,1054052,",ci1054052,",",ci,",",origin,phase-data,",0,,0.071,43.5,ml,earthquake,"M 2.4 - 4km N of Claremont, CA",1368,Point,"[-117.715, 34.128, 5.632]",1368
0,2.24,"3 km E of Mammoth Lakes, California",636428750260,1481933397545,,https://earthquake.usgs.gov/earthquakes/eventpage/nc1173102,https://earthquake.usgs.gov/fdsnws/event/1/query?eventid=nc1173102&format=geojson,,,,,reviewed,0,77,nc,1173102,",nc1173102,",",nc,",",nearby-cities,origin,phase-data,",8,0.01982,0.02,121,md,earthquake,"M 2.2 - 3 km E of Mammoth Lakes, California",1369,Point,"[-118.9295, 37.648, 4.334]",1369
0,2.48,"4km NNW of Claremont, CA",636428198810,1454627611060,,https://earthquake.usgs.gov/earthquakes/eventpage/ci1054049,https://earthquake.usgs.gov/fdsnws/event/1/query?eventid=ci1054049&format=geojson,,,,,reviewed,0,95,ci,1054049,",ci1054049,",",ci,",",origin,phase-data,",0,,0.1,43.3,ml,earthquake,"M 2.5 - 4km NNW of Claremont, CA",1370,Point,"[-117.73, 34.133, 9.982]",1370
0,2.08,"8km SW of Salton City, CA",636423103910,1454624906390,,https://earthquake.usgs.gov/earthquakes/eventpage/ci140929,https://earthquake.usgs.gov/fdsnws/event/1/query?eventid=ci140929&format=geojson,,,,,reviewed,0,67,ci,140929,",ci140929,",",ci,",",origin,phase-data,",0,,0.131,49.4,mc,earthquake,"M 2.1 - 8km SW of Salton City, CA",1371,Point,"[-116.024, 33.25, 6.069]",1371
0,2.24,"6km N of Claremont, CA",636422399620,1454624905840,,https://earthquake.usgs.gov/earthquakes/eventpage/ci1054027,https://earthquake.usgs.gov/fdsnws/event/1/query?eventid=ci1054027&format=geojson,,,,,reviewed,0,77,ci,1054027,",ci1054027,",",ci,",",origin,phase-data,",0,,0.07,54.7,mc,earthquake,"M 2.2 - 6km N of Claremont, CA",1372,Point,"[-117.715, 34.149, 9.802]",1372
0,2.01,"3km NNW of Claremont, CA",636421480830,1454633780600,,https://earthquake.usgs.gov/earthquakes/eventpage/ci1054026,https://earthquake.usgs.gov/fdsnws/event/1/query?eventid=ci1054026&format=geojson,,,,,reviewed,0,62,ci,1054026,",ci1054026,",",ci,",",origin,phase-data,",0,,0.056,177.5,mc,earthquake,"M 2.0 - 3km NNW of Claremont, CA",1373,Point,"[-117.728, 34.126, 7.905]",1373
0,2.25,"6km N of Claremont, CA",636419466590,1454625601010,,https://earthquake.usgs.gov/earthquakes/eventpage/ci1054014,https://earthquake.usgs.gov/fdsnws/event/1/query?eventid=ci1054014&format=geojson,,,,,reviewed,0,78,ci,1054014,",ci1054014,",",ci,",",origin,phase-data,",0,,0.077,53.4,mc,earthquake,"M 2.3 - 6km N of Claremont, CA",1374,Point,"[-117.71, 34.153, 10.102]",1374
0,2.46,"14 km W of Guinda, California",636418591780,1481933378188,,https://earthquake.usgs.gov/earthquakes/eventpage/nc153525,https://earthquake.usgs.gov/fdsnws/event/1/query?eventid=nc153525&format=geojson,,,,,reviewed,0,93,nc,153525,",nc153525,",",nc,",",nearby-cities,origin,phase-data,",19,0.06667,0.54,60,md,quarry blast,"M 2.5 Quarry Blast - 14 km W of Guinda, California",1375,Point,"[-122.3658333, 38.8231667, -0.436]",1375
0,2.31,"6km NNE of Claremont, CA",636415438810,1454628316230,,https://earthquake.usgs.gov/earthquakes/eventpage/ci1054007,https://earthquake.usgs.gov/fdsnws/event/1/query?eventid=ci1054007&format=geojson,,,,,reviewed,0,82,ci,1054007,",ci1054007,",",ci,",",origin,phase-data,",0,,0.088,33.1,mc,earthquake,"M 2.3 - 6km NNE of Claremont, CA",1376,Point,"[-117.704, 34.152, 8.622]",1376
0,2.17,"6km NNE of Claremont, CA",636414377600,1454631755430,,https://earthquake.usgs.gov/earthquakes/eventpage/ci1054005,https://earthquake.usgs.gov/fdsnws/event/1/query?eventid=ci1054005&format=geojson,,,,,reviewed,0,72,ci,1054005,",ci1054005,",",ci,",",origin,phase-data,",0,,0.081,64.6,mc,earthquake,"M 2.2 - 6km NNE of Claremont, CA",1377,Point,"[-117.693, 34.148, 3.742]",1377
0,2.82,"5km NNE of Claremont, CA",636410296540,1454630384870,,https://earthquake.usgs.gov/earthquakes/eventpage/ci1053992,https://earthquake.usgs.gov/fdsnws/event/1/query?eventid=ci1053992&format=geojson,,,,,reviewed,0,122,ci,1053992,",ci1053992,",",ci,",",origin,phase-data,",0,,0.078,33.5,ml,earthquake,"M 2.8 - 5km NNE of Claremont, CA",1378,Point,"[-117.708, 34.138, 7.138]",1378
0,2.98,"6km NNE of Claremont, CA",636409605720,1454630384190,,https://earthquake.usgs.gov/earthquakes/eventpage/ci1053990,https://earthquake.usgs.gov/fdsnws/event/1/query?eventid=ci1053990&format=geojson,,,,,reviewed,0,137,ci,1053990,",ci1053990,",",ci,",",origin,phase-data,",0,,0.141,30.4,ml,earthquake,"M 3.0 - 6km NNE of Claremont, CA",1379,Point,"[-117.702, 34.147, 7.192]",1379
0,2.15,"5km N of Claremont, CA",636406161360,1454627610030,,https://earthquake.usgs.gov/earthquakes/eventpage/ci676263,https://earthquake.usgs.gov/fdsnws/event/1/query?eventid=ci676263&format=geojson,,,,,reviewed,0,71,ci,676263,",ci676263,",",ci,",",origin,phase-data,",0,,0.071,53.9,mc,earthquake,"M 2.2 - 5km N of Claremont, CA",1380,Point,"[-117.718, 34.139, 8.522]",1380
0,2.09,"5km NNE of Claremont, CA",636405872770,1454623552660,,https://earthquake.usgs.gov/earthquakes/eventpage/ci676262,https://earthquake.usgs.gov/fdsnws/event/1/query?eventid=ci676262&format=geojson,,,,,reviewed,0,67,ci,676262,",ci676262,",",ci,",",origin,phase-data,",0,,0.077,64.1,mc,earthquake,"M 2.1 - 5km NNE of Claremont, CA",1381,Point,"[-117.699, 34.138, 4.292]",1381
0,2.57,"4km NNE of Claremont, CA",636403282570,1454623552160,,https://earthquake.usgs.gov/earthquakes/eventpage/ci1053963,https://earthquake.usgs.gov/fdsnws/event/1/query?eventid=ci1053963&format=geojson,,,,,reviewed,0,102,ci,1053963,",ci1053963,",",ci,",",origin,phase-data,",0,,0.125,34.6,ml,earthquake,"M 2.6 - 4km NNE of Claremont, CA",1382,Point,"[-117.705, 34.127, 3.522]",1382
0,2.09,"5km NNW of Claremont, CA",636402601840,1454623551660,,https://earthquake.usgs.gov/earthquakes/eventpage/ci1053962,https://earthquake.usgs.gov/fdsnws/event/1/query?eventid=ci1053962&format=geojson,,,,,reviewed,0,67,ci,1053962,",ci1053962,",",ci,",",origin,phase-data,",0,,0.043,119.5,mc,earthquake,"M 2.1 - 5km NNW of Claremont, CA",1383,Point,"[-117.732, 34.139, 9.231]",1383
0,2.69,"5km NNE of Claremont, CA",636402537350,1454629683070,,https://earthquake.usgs.gov/earthquakes/eventpage/ci140924,https://earthquake.usgs.gov/fdsnws/event/1/query?eventid=ci140924&format=geojson,,,,,reviewed,0,111,ci,140924,",ci140924,",",ci,",",origin,phase-data,",0,,0.098,34.2,ml,earthquake,"M 2.7 - 5km NNE of Claremont, CA",1384,Point,"[-117.695, 34.14, 4.242]",1384
0,4.47,"6km NNE of Claremont, CA",636398785480,1454633778550,,https://earthquake.usgs.gov/earthquakes/eventpage/ci1053953,https://earthquake.usgs.gov/fdsnws/event/1/query?eventid=ci1053953&format=geojson,,,,,reviewed,0,307,ci,1053953,",usp000463j,ci1053953,",",us,ci,",",impact-text,origin,phase-data,",0,,0.159,31.1,ml,earthquake,"M 4.5 - 6km NNE of Claremont, CA",1385,Point,"[-117.695, 34.145, 4.412]",1385
0,2.01,"5km NNE of Claremont, CA",636394518620,1454633091440,,https://earthquake.usgs.gov/earthquakes/eventpage/ci1053945,https://earthquake.usgs.gov/fdsnws/event/1/query?eventid=ci1053945&format=geojson,,,,,reviewed,0,62,ci,1053945,",ci1053945,",",ci,",",origin,phase-data,",0,,0.052,171.5,mc,earthquake,"M 2.0 - 5km NNE of Claremont, CA",1386,Point,"[-117.704, 34.138, 4.784]",1386
0,2.52,"4km N of Claremont, CA",636394202530,1454633777470,,https://earthquake.usgs.gov/earthquakes/eventpage/ci1053944,https://earthquake.usgs.gov/fdsnws/event/1/query?eventid=ci1053944&format=geojson,,,,,reviewed,0,98,ci,1053944,",ci1053944,",",ci,",",origin,phase-data,",0,,0.116,49.6,ml,earthquake,"M 2.5 - 4km N of Claremont, CA",1387,Point,"[-117.712, 34.131, 6.562]",1387
0,2.77,"24 km NE of Greenfield, California",636391600080,1481933296760,,https://earthquake.usgs.gov/earthquakes/eventpage/nc153565,https://earthquake.usgs.gov/fdsnws/event/1/query?eventid=nc153565&format=geojson,,,,,reviewed,0,118,nc,153565,",nc153565,",",nc,",",focal-mechanism,nearby-cities,origin,phase-data,",47,0.05225,0.07,57,md,earthquake,"M 2.8 - 24 km NE of Greenfield, California",1388,Point,"[-121.0475, 36.4716667, 4.262]",1388
0,2.2,"5km NNE of Claremont, CA",636386795200,1454624247090,,https://earthquake.usgs.gov/earthquakes/eventpage/ci1053941,https://earthquake.usgs.gov/fdsnws/event/1/query?eventid=ci1053941&format=geojson,,,,,reviewed,0,74,ci,1053941,",ci1053941,",",ci,",",origin,phase-data,",0,,0.115,137.8,mc,earthquake,"M 2.2 - 5km NNE of Claremont, CA",1389,Point,"[-117.705, 34.141, 5.054]",1389
0,2.05,"3km NNE of Claremont, CA",636385278300,1454633090910,,https://earthquake.usgs.gov/earthquakes/eventpage/ci1053939,https://earthquake.usgs.gov/fdsnws/event/1/query?eventid=ci1053939&format=geojson,,,,,reviewed,0,65,ci,1053939,",ci1053939,",",ci,",",origin,phase-data,",0,,0.087,117.5,mc,earthquake,"M 2.1 - 3km NNE of Claremont, CA",1390,Point,"[-117.705, 34.12, 2.939]",1390
0,2.16,"7 km WSW of Cobb, California",636385108600,1481933281820,,https://earthquake.usgs.gov/earthquakes/eventpage/nc153514,https://earthquake.usgs.gov/fdsnws/event/1/query?eventid=nc153514&format=geojson,,,,,reviewed,0,72,nc,153514,",nc153514,",",nc,",",focal-mechanism,nearby-cities,origin,phase-data,",28,0.01171,0.04,36,md,earthquake,"M 2.2 - 7 km WSW of Cobb, California",1391,Point,"[-122.8068333, 38.8015, 0.621]",1391
0,2.65,"5km NNE of Claremont, CA",636383628810,1454625599530,,https://earthquake.usgs.gov/earthquakes/eventpage/ci1053937,https://earthquake.usgs.gov/fdsnws/event/1/query?eventid=ci1053937&format=geojson,,,,,reviewed,0,108,ci,1053937,",ci1053937,",",ci,",",origin,phase-data,",0,,0.219,52.4,ml,earthquake,"M 2.7 - 5km NNE of Claremont, CA",1392,Point,"[-117.694, 34.133, 2.532]",1392
0,2,"4km N of Claremont, CA",636383627480,1454627609490,,https://earthquake.usgs.gov/earthquakes/eventpage/ci140962,https://earthquake.usgs.gov/fdsnws/event/1/query?eventid=ci140962&format=geojson,,,,,reviewed,0,62,ci,140962,",ci140962,",",ci,",",origin,phase-data,",0,,0.043,74.9,mh,earthquake,"M 2.0 - 4km N of Claremont, CA",1393,Point,"[-117.727, 34.134, 9.822]",1393
0,2.37,"5km NNE of Claremont, CA",636375596500,1454624903740,,https://earthquake.usgs.gov/earthquakes/eventpage/ci1053931,https://earthquake.usgs.gov/fdsnws/event/1/query?eventid=ci1053931&format=geojson,,,,,reviewed,0,86,ci,1053931,",ci1053931,",",ci,",",origin,phase-data,",0,,0.125,49,ml,earthquake,"M 2.4 - 5km NNE of Claremont, CA",1394,Point,"[-117.706, 34.142, 7.022]",1394
0,2.88,"5km N of Claremont, CA",636375162990,1454626268470,,https://earthquake.usgs.gov/earthquakes/eventpage/ci1053930,https://earthquake.usgs.gov/fdsnws/event/1/query?eventid=ci1053930&format=geojson,,,,,reviewed,0,128,ci,1053930,",ci1053930,",",ci,",",origin,phase-data,",0,,0.118,30.1,ml,earthquake,"M 2.9 - 5km N of Claremont, CA",1395,Point,"[-117.728, 34.142, 7.542]",1395
0,2.41,"4km NNE of Claremont, CA",636372512060,1454631055620,,https://earthquake.usgs.gov/earthquakes/eventpage/ci1053926,https://earthquake.usgs.gov/fdsnws/event/1/query?eventid=ci1053926&format=geojson,,,,,reviewed,0,89,ci,1053926,",ci1053926,",",ci,",",origin,phase-data,",0,,0.087,61.7,ml,earthquake,"M 2.4 - 4km NNE of Claremont, CA",1396,Point,"[-117.703, 34.125, 3.972]",1396
0,2,"5km NNE of Claremont, CA",636369045070,1454628314420,,https://earthquake.usgs.gov/earthquakes/eventpage/ci1053923,https://earthquake.usgs.gov/fdsnws/event/1/query?eventid=ci1053923&format=geojson,,,,,reviewed,0,62,ci,1053923,",ci1053923,",",ci,",",origin,phase-data,",0,,0.053,63.9,mc,earthquake,"M 2.0 - 5km NNE of Claremont, CA",1397,Point,"[-117.709, 34.139, 7.116]",1397
0,2.34,"20km N of Mojave, CA",636368896960,1454624903310,,https://earthquake.usgs.gov/earthquakes/eventpage/ci1053922,https://earthquake.usgs.gov/fdsnws/event/1/query?eventid=ci1053922&format=geojson,,,,,reviewed,0,84,ci,1053922,",ci1053922,",",ci,",",origin,phase-data,",0,,0.108,59.6,mc,earthquake,"M 2.3 - 20km N of Mojave, CA",1398,Point,"[-118.214, 35.225, 2.841]",1398
0,2.61,"4km NNE of Claremont, CA",636365963130,1454623550260,,https://earthquake.usgs.gov/earthquakes/eventpage/ci1053917,https://earthquake.usgs.gov/fdsnws/event/1/query?eventid=ci1053917&format=geojson,,,,,reviewed,0,105,ci,1053917,",ci1053917,",",ci,",",origin,phase-data,",0,,0.065,46.6,ml,earthquake,"M 2.6 - 4km NNE of Claremont, CA",1399,Point,"[-117.707, 34.126, 4.192]",1399
0,2.57,"11km ESE of Lucerne Valley, CA",636364533300,1454623549680,,https://earthquake.usgs.gov/earthquakes/eventpage/ci1053916,https://earthquake.usgs.gov/fdsnws/event/1/query?eventid=ci1053916&format=geojson,,,,,reviewed,0,102,ci,1053916,",ci1053916,",",ci,",",origin,phase-data,",0,,0.074,75.8,mc,earthquake,"M 2.6 - 11km ESE of Lucerne Valley, CA",1400,Point,"[-116.856, 34.404, 3.296]",1400
0,2.65,"3km N of Claremont, CA",636363869840,1454625598990,,https://earthquake.usgs.gov/earthquakes/eventpage/ci1053915,https://earthquake.usgs.gov/fdsnws/event/1/query?eventid=ci1053915&format=geojson,,,,,reviewed,0,108,ci,1053915,",ci1053915,",",ci,",",origin,phase-data,",0,,0.121,33.4,ml,earthquake,"M 2.7 - 3km N of Claremont, CA",1401,Point,"[-117.72, 34.127, 6.806]",1401
0,2.57,"3km NNE of Claremont, CA",636361706020,1454633089970,,https://earthquake.usgs.gov/earthquakes/eventpage/ci1053913,https://earthquake.usgs.gov/fdsnws/event/1/query?eventid=ci1053913&format=geojson,,,,,reviewed,0,102,ci,1053913,",ci1053913,",",ci,",",origin,phase-data,",0,,0.096,34.6,ml,earthquake,"M 2.6 - 3km NNE of Claremont, CA",1402,Point,"[-117.708, 34.123, 3.852]",1402
0,2,"10km NNW of Upland, CA",636359743390,1454629681210,,https://earthquake.usgs.gov/earthquakes/eventpage/ci1053912,https://earthquake.usgs.gov/fdsnws/event/1/query?eventid=ci1053912&format=geojson,,,,,reviewed,0,62,ci,1053912,",ci1053912,",",ci,",",origin,phase-data,",0,,0.083,56.8,mc,earthquake,"M 2.0 - 10km NNW of Upland, CA",1403,Point,"[-117.678, 34.185, 3.956]",1403
0,2.15,"6km NNE of Claremont, CA",636358058370,1454628976370,,https://earthquake.usgs.gov/earthquakes/eventpage/ci1053909,https://earthquake.usgs.gov/fdsnws/event/1/query?eventid=ci1053909&format=geojson,,,,,reviewed,0,71,ci,1053909,",ci1053909,",",ci,",",origin,phase-data,",0,,0.057,63.3,mc,earthquake,"M 2.2 - 6km NNE of Claremont, CA",1404,Point,"[-117.699, 34.148, 8.066]",1404
0,2.09,"6 km NNE of San Simeon, California",636356848050,1481933218500,,https://earthquake.usgs.gov/earthquakes/eventpage/nc153501,https://earthquake.usgs.gov/fdsnws/event/1/query?eventid=nc153501&format=geojson,,,,,reviewed,0,67,nc,153501,",nc153501,ci1053907,",",nc,ci,",",focal-mechanism,nearby-cities,origin,phase-data,",43,0.01532,0.05,118,md,earthquake,"M 2.1 - 6 km NNE of San Simeon, California",1405,Point,"[-121.1598333, 35.6963333, 4.776]",1405
0,2.16,"4km N of Claremont, CA",636355126310,1454628975470,,https://earthquake.usgs.gov/earthquakes/eventpage/ci1053904,https://earthquake.usgs.gov/fdsnws/event/1/query?eventid=ci1053904&format=geojson,,,,,reviewed,0,72,ci,1053904,",ci1053904,",",ci,",",origin,phase-data,",0,,0.047,66,mc,earthquake,"M 2.2 - 4km N of Claremont, CA",1406,Point,"[-117.714, 34.131, 9.072]",1406
0,2.53,"8km N of Claremont, CA",636354844890,1454624902320,,https://earthquake.usgs.gov/earthquakes/eventpage/ci1053903,https://earthquake.usgs.gov/fdsnws/event/1/query?eventid=ci1053903&format=geojson,,,,,reviewed,0,98,ci,1053903,",ci1053903,",",ci,",",origin,phase-data,",0,,0.073,46.8,ml,earthquake,"M 2.5 - 8km N of Claremont, CA",1407,Point,"[-117.731, 34.171, 7.926]",1407
0,2.09,"5km NNE of Claremont, CA",636354599970,1454633776900,,https://earthquake.usgs.gov/earthquakes/eventpage/ci1053902,https://earthquake.usgs.gov/fdsnws/event/1/query?eventid=ci1053902&format=geojson,,,,,reviewed,0,67,ci,1053902,",ci1053902,",",ci,",",origin,phase-data,",0,,0.061,52.5,mc,earthquake,"M 2.1 - 5km NNE of Claremont, CA",1408,Point,"[-117.706, 34.141, 7.576]",1408
0,2.19,"4km N of Claremont, CA",636353686970,1454631054690,,https://earthquake.usgs.gov/earthquakes/eventpage/ci1053898,https://earthquake.usgs.gov/fdsnws/event/1/query?eventid=ci1053898&format=geojson,,,,,reviewed,0,74,ci,1053898,",ci1053898,",",ci,",",origin,phase-data,",0,,0.109,34.9,ml,earthquake,"M 2.2 - 4km N of Claremont, CA",1409,Point,"[-117.715, 34.129, 6.902]",1409
0,2.32,"8 km SSW of Sierraville, California",636350664180,1481933197161,,https://earthquake.usgs.gov/earthquakes/eventpage/nc153495,https://earthquake.usgs.gov/fdsnws/event/1/query?eventid=nc153495&format=geojson,,,,,reviewed,0,83,nc,153495,",nc153495,",",nc,",",nearby-cities,origin,phase-data,",14,0.5414,0.05,267,md,earthquake,"M 2.3 - 8 km SSW of Sierraville, California",1410,Point,"[-120.4048333, 39.5211667, 16.529]",1410
0,2.04,"3km NNE of Claremont, CA",636348880590,1454624900430,,https://earthquake.usgs.gov/earthquakes/eventpage/ci1053890,https://earthquake.usgs.gov/fdsnws/event/1/query?eventid=ci1053890&format=geojson,,,,,reviewed,0,64,ci,1053890,",ci1053890,",",ci,",",origin,phase-data,",0,,0.095,74.1,mc,earthquake,"M 2.0 - 3km NNE of Claremont, CA",1411,Point,"[-117.702, 34.119, 3.752]",1411
0,2.08,"3km N of Claremont, CA",636345441060,1454632434320,,https://earthquake.usgs.gov/earthquakes/eventpage/ci676193,https://earthquake.usgs.gov/fdsnws/event/1/query?eventid=ci676193&format=geojson,,,,,reviewed,0,67,ci,676193,",ci676193,",",ci,",",origin,phase-data,",0,,0.096,66.4,mc,earthquake,"M 2.1 - 3km N of Claremont, CA",1412,Point,"[-117.715, 34.12, 3.822]",1412
0,2.45,"11km ESE of Lucerne Valley, CA",636343235880,1454626921770,,https://earthquake.usgs.gov/earthquakes/eventpage/ci1053874,https://earthquake.usgs.gov/fdsnws/event/1/query?eventid=ci1053874&format=geojson,,,,,reviewed,0,92,ci,1053874,",ci1053874,",",ci,",",origin,phase-data,",0,,0.06,77.2,mc,earthquake,"M 2.5 - 11km ESE of Lucerne Valley, CA",1413,Point,"[-116.854, 34.404, 3.476]",1413
0,2.08,"5km NNE of Claremont, CA",636340023220,1454631751600,,https://earthquake.usgs.gov/earthquakes/eventpage/ci676187,https://earthquake.usgs.gov/fdsnws/event/1/query?eventid=ci676187&format=geojson,,,,,reviewed,0,67,ci,676187,",ci676187,",",ci,",",origin,phase-data,",0,,0.097,47.9,mc,earthquake,"M 2.1 - 5km NNE of Claremont, CA",1414,Point,"[-117.699, 34.142, 4.672]",1414
0,2.55,"5km N of Claremont, CA",636339756150,1454624244760,,https://earthquake.usgs.gov/earthquakes/eventpage/ci676186,https://earthquake.usgs.gov/fdsnws/event/1/query?eventid=ci676186&format=geojson,,,,,reviewed,0,100,ci,676186,",ci676186,",",ci,",",origin,phase-data,",0,,0.106,52.6,ml,earthquake,"M 2.6 - 5km N of Claremont, CA",1415,Point,"[-117.718, 34.141, 4.906]",1415
0,2.53,"5km N of Claremont, CA",636339723370,1454626921240,,https://earthquake.usgs.gov/earthquakes/eventpage/ci1053861,https://earthquake.usgs.gov/fdsnws/event/1/query?eventid=ci1053861&format=geojson,,,,,reviewed,0,98,ci,1053861,",ci1053861,",",ci,",",origin,phase-data,",0,,0.122,36.3,ml,earthquake,"M 2.5 - 5km N of Claremont, CA",1416,Point,"[-117.718, 34.142, 4.776]",1416
0,2.03,"6km NNE of Claremont, CA",636339468740,1454626920830,,https://earthquake.usgs.gov/earthquakes/eventpage/ci1053860,https://earthquake.usgs.gov/fdsnws/event/1/query?eventid=ci1053860&format=geojson,,,,,reviewed,0,63,ci,1053860,",ci1053860,",",ci,",",origin,phase-data,",0,,0.061,65.2,mc,earthquake,"M 2.0 - 6km NNE of Claremont, CA",1417,Point,"[-117.695, 34.145, 5.746]",1417
0,2.53,"4km NNE of Claremont, CA",636338245290,1454625597020,,https://earthquake.usgs.gov/earthquakes/eventpage/ci1053858,https://earthquake.usgs.gov/fdsnws/event/1/query?eventid=ci1053858&format=geojson,,,,,reviewed,0,98,ci,1053858,",ci1053858,",",ci,",",origin,phase-data,",0,,0.08,46.4,ml,earthquake,"M 2.5 - 4km NNE of Claremont, CA",1418,Point,"[-117.698, 34.124, 4.222]",1418
0,2.62,"3km NNE of Claremont, CA",636337708590,1454633087980,,https://earthquake.usgs.gov/earthquakes/eventpage/ci676183,https://earthquake.usgs.gov/fdsnws/event/1/query?eventid=ci676183&format=geojson,,,,,reviewed,0,106,ci,676183,",ci676183,",",ci,",",origin,phase-data,",0,,0.118,34.7,ml,earthquake,"M 2.6 - 3km NNE of Claremont, CA",1419,Point,"[-117.706, 34.124, 3.842]",1419
0,2.24,"4km N of Claremont, CA",636337245430,1454632432910,,https://earthquake.usgs.gov/earthquakes/eventpage/ci676182,https://earthquake.usgs.gov/fdsnws/event/1/query?eventid=ci676182&format=geojson,,,,,reviewed,0,77,ci,676182,",ci676182,",",ci,",",origin,phase-data,",0,,0.077,54.9,mc,earthquake,"M 2.2 - 4km N of Claremont, CA",1420,Point,"[-117.723, 34.135, 9.536]",1420
0,2.17,"6km N of Claremont, CA",636336586160,1454626267090,,https://earthquake.usgs.gov/earthquakes/eventpage/ci1053854,https://earthquake.usgs.gov/fdsnws/event/1/query?eventid=ci1053854&format=geojson,,,,,reviewed,0,72,ci,1053854,",ci1053854,",",ci,",",origin,phase-data,",0,,0.064,34.9,mc,earthquake,"M 2.2 - 6km N of Claremont, CA",1421,Point,"[-117.71, 34.146, 9.266]",1421
0,3.29,"7km NNE of Claremont, CA",636336012240,1454625596330,,https://earthquake.usgs.gov/earthquakes/eventpage/ci676179,https://earthquake.usgs.gov/fdsnws/event/1/query?eventid=ci676179&format=geojson,,,,,reviewed,0,167,ci,676179,",usp000462m,ci676179,",",us,ci,",",origin,phase-data,",0,,0.1,29.8,ml,earthquake,"M 3.3 - 7km NNE of Claremont, CA",1422,Point,"[-117.704, 34.156, 8.646]",1422
